00000000000000000
00000000000000000
00000000000000000
00000000000000000
00000000000000000
00000000000000000
00000000000000000
00000000000000000
00000000000000000
00000000000000000
00000000000000000
00000111111110000
00011111111111000
00111000000111100
01110000000011110
01110000000001110
11100000000000111
11100000000000111
11100000000000111
11100000000000111
11100000000000111
11110000000000111
01110000000001111
01111000000001110
00111100000111100
00011111111111000
00001111111110000
00000011110000000
00000000000000000
00000000000000000
