00000000000000000000
00000000000000000000
00000000000000000000
00000000000000000000
00000000000000000000
00000000000000000000
00000000000000000000
00000000000000000000
00000000000000000000
01000000000000000000
11100000001100000000
11100000111100000010
11100000111110000111
11110001111100000110
11110001111110000110
01110001111110000110
01110011111110001100
01110011111110001100
01110011001110011100
01111111001111111000
01111111001111111000
00111110000111111000
00111110000111110000
00111110000111110000
00111100000111100000
00011100000111100000
00001000000011100000
00000000000000000000
00000000000000000000
00000000000000000000
