00000000000000000
00000000000000000
00000000000000000
00000000000000000
00000000000000000
00000000000000000
00000000000000000
00000001110000000
00001111111110000
00011111001111100
00111100000011110
01111000000001110
01111000000000111
01110000000000111
11110000000000111
11110000000000111
11110000000000111
11110000000000111
11110000000000111
01110000000000111
01111000000001111
00111100000011110
00011111111111100
00000111111111000
00000000001111000
00000000000111111
00000000000011111
00000000000000000
00000000000000000
00000000000000000
