0000000000000000
0000000000000000
0000000000000000
0000000000000000
0000000000000000
0000000000000000
0000000000000000
0000000000000000
0000000000000000
0000000000000000
0000000000000000
0000000000000000
0110000000000000
1110000111000000
0110000111100000
0111001111100011
0111001111100011
0111111111100111
0111111111100110
0011111001111110
0011111001111100
0011111001111100
0011110001111100
0011110001111000
0001100000110000
0000000000000000
0000000000000000
0000000000000000
0000000000000000
0000000000000000
