0000000000000000
0000000000000000
0000000000000000
0000000000000000
0000000000000000
0000000000000000
0000000000000000
0000000000000000
0000000000000000
0000000000000000
0000000000000000
0000000000000000
0000000000000000
0000000000000000
0000000011000011
0100000111100011
1110000111100011
0111000111110011
0111000111110011
0111101111110011
0011111111111110
0011111100111110
0001111111111110
0001111110111110
0001111110111110
0000111000001100
0000000000000000
0000000000000000
0000000000000000
0000000000000000
