0000000000000000
0000000000000000
0000000000000000
0000000000000000
0000000000000000
0000000000000000
0000000011000000
0000000111100000
0000000111100000
0000001111110000
0000001111110000
0000011111110000
0000111001111000
0000110001111000
0001110000111000
0001111001111100
0011111111111100
0011111111111100
0011100000111110
0011000000011110
0110000000001110
1110000000001110
0000000000001111
0000000000000110
0000000000000000
0000000000000000
0000000000000000
0000000000000000
0000000000000000
0000000000000000
