00000000000000000
00000000000000000
00000000000000000
00000000000000000
00000000000000000
00000000000011000
00000000000011000
01000000000011000
11110000000011100
11111000000001100
01111110000001100
01111111000001100
01111111110001110
01110011111001110
00110001111111110
00110000011111110
00110000001111111
00110000000011111
00011000000001111
00011000000000010
00011000000000000
00011000000000000
00000000000000000
00000000000000000
00000000000000000
00000000000000000
00000000000000000
00000000000000000
00000000000000000
00000000000000000
