00000000000000000000
00000000000000000000
00000000000000000000
00000000000000000000
00000000000000000000
00000000000000000000
00000000000000000000
00000000000000000000
00000000000000000000
00000000000000000000
00000000000000000000
11000000000000000000
11100000000000000000
01110000011100000000
01110000011100000000
01110000111100000011
01110000111110000011
01110001111110000110
01110001111110000110
01110011111110001100
01110011001110001100
01111111001110011000
01111110001110011000
01111110001111110000
01111100001111110000
01111100001111100000
01111000001111100000
00110000001111000000
00000000001111000000
00000000001110000000
