0000000000000000
0000000000000000
0000000000000000
0000000000000000
0000000000000000
0000000000000000
0000000000000000
0000000000000000
0000000000000000
0000011110011000
0001111110011000
0011110000000000
0111000000000000
1110000000000000
1110000000000000
1110000000000000
1110000000000000
1110000000000100
1110000000001110
1110000000001110
1110000000001110
0111000000001110
0111100000001111
0011111100011110
0001111111111100
0000001111100000
0000000000000000
0000000000000000
0000000000000000
0000000000000000
