00000000000000000000
00000000000000000000
00000000000000000000
00000000000000000000
00000000000000000000
00000000000000000000
00000000000000000000
00000000000000000000
00000000000000000000
00000000000000000000
00000000000000000000
00000000000000000000
00000000000001111000
00000111100011111100
11111111111110011110
11111001111100011110
11110000111000001110
11100000111000001110
11100000111000001110
11100000111000001110
11100000111000001110
11100000111100001111
01110000111100000111
01110000011100000111
01110000001000000000
00100000000000000000
00000000000000000000
00000000000000000000
00000000000000000000
00000000000000000000
