000000000000000000000
000000000000000000000
000000000000000000000
000000000000000000000
000000000000000000000
000000000000000000000
000000000000000000000
000000000000000000110
000000000011000000110
000000000111100000110
011000000111110000110
111100000111110000110
011100000111111000110
001110000111111000110
001111000111111100110
000111000110011111110
000111100110011111110
000011100110011111110
000011111111011111110
000001111110001111111
000001111110000111111
000000111110000111110
000000111110000011100
000000011110000000000
000000001110000000000
000000000110000000000
000000000000000000000
000000000000000000000
000000000000000000000
000000000000000000000
