0000000000000000
0000000000000000
0000000000000000
0000000000000000
0000000000000000
0000000000000000
0000000000000000
0000000000000000
0000000000000000
0000000000000000
0000000000000000
0000000000000000
0000000000000000
0000000011000011
0000000111100011
0110000111100011
1111000111110011
0111000111110011
0111100111110011
0011100111111111
0011111111111111
0001111110011111
0001111110011110
0000111110001110
0000011110000100
0000001100000000
0000000000000000
0000000000000000
0000000000000000
0000000000000000
