00000000000000000
00000000000000000
00000000000000000
00000000000000000
00000000000000000
00000000000000000
00000000000000000
00000000000000000
00000000000000000
00000000000000000
00000000000000000
00001111111100000
00011111111111000
00111000000111100
01110000000011110
11100000000001110
11100000000001110
11100000000000111
11100000000000111
11100000000000111
11100000000000111
11100000000001110
11100000000001110
01110000000001110
01111000000011100
00111110001111000
00011111111110000
00000011110000000
00000000000000000
00000000000000000
