00000000000000000000
00000000000000000000
00000000000000000000
00000000000000000000
00000000000000000000
00000000000000000000
00000000000000000000
00000000000000000000
00000000000000000000
00000000000000000000
00000000000000000000
00000000000000000000
11000000000000000000
11100000011000000000
11100000111100000011
11100000111100000111
11100000111100000110
11100001111100000110
11110001111100001100
01110001111110001100
01110011111110001100
01110011001110011000
01111111001110011000
01111111001111111000
00111110001111110000
00111110000111110000
00111110000111110000
00111100000111100000
00011000000111100000
00000000000111100000
