000000000000000000
000000000000000000
000000000000000000
000000000000000000
000000000000000000
000000000000000000
000000000000000000
000011111111000000
001111111111110000
011110000011111000
011100000000111000
111000000000011100
111000000000011100
111000000000011100
111000000000001110
111000000000001110
111000000000001111
111000000000011110
111000000000011110
011100000000011100
011110000000111000
001111111111110000
000111111111100000
000011111110000000
000000000000000000
000000000000000000
000000000000000000
000000000000000000
000000000000000000
000000000000000000
