0000000000000000
0000000000000000
0000000000000000
0000000000000000
0000000000000000
0000000000000000
0000000000000000
0000000000000000
0000000000000000
0000000000000000
0000000000000000
0000000000000000
0100000000000000
1110000000000000
1110000000000000
0111000000000000
0111000011111000
0111000111111100
0011111100111100
0011111000011100
0011110000001110
0011110000001110
0001110000001110
0001110000001111
0001111000000111
0000111000000111
0000111000000010
0000111000000000
0000011000000000
0000001000000000
