0000000000000000
0000000000000000
0000000000000000
0000000000000000
0000000000000000
0000000000000000
0000000000000000
0000000000000000
0000111000000000
0000111111100000
0000000111111110
0000000000011111
0000000000011111
0000000000011110
0000000000111100
0000000011111000
0000000111110000
0000001111000000
0000011110000000
0000111100000000
0001111000000000
0111110000000000
1111100000000000
1111110000000000
0111111111000000
0000011111110000
0000000001110000
0000000000000000
0000000000000000
0000000000000000
