0000000000000000
0000000000000000
0000000000000000
0000000000000000
0000000000000000
0000000000000000
0000000000000000
0000000000000000
0000000000110000
0000000000100000
0110000001000000
1110000010000000
1110000110000000
0111000110000000
0111000100000000
0111111100000000
0111111100000000
0011111111000000
0011111111100000
0011110011111000
0011110001111100
0001110000011111
0001110000001111
0001110000000011
0001111000000000
0000110000000000
0000000000000000
0000000000000000
0000000000000000
0000000000000000
