0000000000000000
0000000000000000
0000000000000000
0000000000000000
0000000000000000
0000000000000000
0000000000000000
0000000000000000
0000000000000000
0000000000000000
0110000000000000
1111000000000000
0111000000000000
0111100000000000
0011100001110000
0011110111111000
0011111111111100
0011111110111110
0001111000001110
0001111000001110
0001111000001111
0001111000001111
0000111000001111
0000111100011110
0000111111111100
0000111111111000
0000011000000000
0000000000000000
0000000000000000
0000000000000000
