00000000000000000
00000000000000000
00000000000000000
00000000000000000
00000000000000000
00000000000000000
00000000000000000
00000000000000000
00000000000000000
00000000000000000
00000111111100000
00111111111111000
01111100001111100
11110000000111100
11100000000011110
11110000000001110
01110000000001110
01110000000001110
01110000000000111
00111000000000111
00111000000000111
00111000000001110
00111000000001110
00011100000011100
00011100000111000
00011111111110000
00011111111000000
00001111000000000
00000000000000000
00000000000000000
