0000000000000000000
0000000000000000000
0000000000000000000
0000000000000011000
0000000000001111100
0000000000001111100
0111000000000111100
1111100000000111100
1111100000001111110
0111110000001111110
0111111000001111110
0111111000001111110
0111111100011001111
0111011110011001111
0111011110011101111
0011001111111101111
0011000111111000111
0011000011110000111
0011000011110000111
0011000001100000011
0001100000000000000
0001100000000000000
0000100000000000000
0000000000000000000
0000000000000000000
0000000000000000000
0000000000000000000
0000000000000000000
0000000000000000000
0000000000000000000
