00000000000000000
00000000000000000
00000000000000000
00000000000000000
00000000000000000
00000000000000000
00000000000000000
00000000000000000
00000000000000000
00000000000000000
00000000000000000
00000000000000000
01000000000000000
11000000111000000
11100001111100111
01110001111100110
01110001111101110
01110011111101110
01111111111111110
00111111111111110
00111111111111110
00111111011111100
00111110001111000
00011110001111000
00001100000111000
00000000000000000
00000000000000000
00000000000000000
00000000000000000
00000000000000000
