0000000000000000
0000000000000000
0000000000000000
0000000000000000
0000000000000000
0000000000000000
0000000000110000
0000000001100000
1110000001100000
1111100001100000
0111110011000000
0001111111000000
0000111111000000
0000011111000000
0000001111000000
0000000111100000
0000000111111000
0000001111111100
0000001100011110
0000001100001111
0000011000000111
0000011000000000
0000011000000000
0000010000000000
0000000000000000
0000000000000000
0000000000000000
0000000000000000
0000000000000000
0000000000000000
