000000000000000000000
000000000000000000000
000000000000000000000
000000000000000000011
000000000001000000011
000000000011100000011
011000000011110000011
111100000011110000011
111110000011111000111
011111000011111100111
001111000011111100110
001111100011111111110
000111100011111111110
000011111111001111110
000001111111001111110
000001111111000111110
000000111111000111110
000000111110000011110
000000111110000011110
000000011110000001100
000000011110000000000
000000001100000000000
000000000000000000000
000000000000000000000
000000000000000000000
000000000000000000000
000000000000000000000
000000000000000000000
000000000000000000000
000000000000000000000
