000000000000000000
000000000000000000
000000000000000000
000000000000000000
000000000000000000
000000000000000000
001110000000000010
011111000000000111
011111000000001111
011111000000001111
011111100000011111
011111100000011111
011111110000111111
011111110000111111
011001110001111111
111001110001100111
011001111001100111
011001111111000111
011000111111000111
011000011111000111
011000011110000111
011100001110000111
001000000000000010
000000000000000000
000000000000000000
000000000000000000
000000000000000000
000000000000000000
000000000000000000
000000000000000000
