0000000000000000
0000000000000000
0000000000000000
0000000000000000
0000000000000000
0000000000000000
0000000000000000
0000000000000000
0000000000000000
0000000000000000
0000000000000000
0001100000000000
0011110000000000
0011100000000011
0011100000000111
0011100000000111
0011100000000111
0011110000000111
0111111100001111
0111111111111111
0111100011111110
0111000000011110
0111000000001110
0111000000001110
1110000000001110
1110000000011100
1110000000011100
0100000000011100
0000000000001100
0000000000001000
