0000000000000000
0000000000000000
0000000000000000
0000000000000000
0000000000000000
0000001111110000
0001111111110000
0011110000000000
0111100000000000
1111000000000000
1110000000000000
1110000000000000
1110000000000000
1110000000000100
1110000000001110
1110000000001110
1110000000000111
0111000000000111
0111100000001111
0011111000011110
0001111111111100
0000011111100000
0000000000000000
0000000000000000
0000000000000000
0000000000000000
0000000000000000
0000000000000000
0000000000000000
0000000000000000
