00000000000000000
00000000000000000
00000000000000000
00000000000000000
00000000000000000
00000000000000000
00000000000000000
00000000000000000
00000000000000000
00000000000000000
00000000000000000
00001111111110000
00111111111111000
01111000000111100
01110000000011100
11100000000001110
11100000000001110
11100000000001110
11100000000000111
11100000000000111
11100000000001110
11100000000001110
11100000000001110
01110000000011110
01111000000111100
00111111111111000
00001111111100000
00000001100000000
00000000000000000
00000000000000000
