00000000000000000
00000000000000000
00000000000000000
00000000000000000
00000000000000000
00000000000000000
00000000000000000
00000000000000000
00000000000000000
00000000000000000
00000000000000000
00000000000000000
00011000000000000
00011100000000011
00111110000000111
00111110000000110
00111111000000110
00111111000000110
00110111100000110
01110011110001110
01100001111001110
01100001111011100
01100000111111100
01100000011111100
01100000011111100
11000000001111100
11000000001111000
00000000000111000
00000000000011000
00000000000011000
