00000000000000000
00000000000000000
00000000000000000
00000000000000000
00000000000000000
00000000000000000
00000000000000000
00000000000000000
00000111110000000
00000011111110000
00000000011111110
00000000000011111
00000000000011111
00000000000111110
00000000001111000
00000000111110000
00000001111100000
00000011110000000
00001111100000000
00011111000000000
00111100000000000
01111000000000000
11111100000000000
01111111000000000
00001111111000000
00000001111100000
00000000000100000
00000000000000000
00000000000000000
00000000000000000
