000000000000000000
000000000000000000
000000000000000000
000000000000000000
000000000000000000
000000000000000000
000000000000000000
000000111111100000
000001111111111000
000011110000011100
000111100000001110
001111000000000111
001110000000000111
011110000000000111
011110000000000111
111110000000000111
011100000000000111
011110000000000111
001110000000001111
001110000000011111
000111000000111110
000011110001111100
000001111111111000
000000011111100000
000000000000000000
000000000000000000
000000000000000000
000000000000000000
000000000000000000
000000000000000000
