00000000000000000
00000000000000000
00000000000000000
00000000000000000
00000000000000000
00000000000000000
00000111111110000
00001111111111000
00011100000111100
00111000000011110
01110000000001111
01110000000000111
11100000000000111
11100000000000111
11100000000000011
11110000000000011
01110000000000111
01110000000000111
01111000000000111
00111100000001110
00011110000111100
00001111111111000
00000011111000000
00000000000000000
00000000000000000
00000000000000000
00000000000000000
00000000000000000
00000000000000000
00000000000000000
