00000000000000000
00000000000000000
00000000000000000
00000000000000000
00000000000000000
00000000000000000
00000000000000000
00000000000000000
00000000000000000
00000000000000000
00000000000000000
00001100000000000
00011111111000000
00011111111111000
00011110001111100
00011100000011110
00111100000001111
00111100000001111
00111000000000111
00111000000000111
01111000000000111
01110000000000111
01110000000001111
01111000000001110
01111000000001110
11111000000011100
11111000000111100
01111111111111000
00001111111100000
00000000000000000
