00000000000000000000
00000000000000000000
00000000000000000000
00000000000000000000
00000000000000000000
00000000000000000000
00000000000000000000
00000000000000000000
00000000000000000000
00000000000000000011
00000000001100000011
01100000011110000011
11110000011110000011
01110000011111000011
01111000011111000011
01111000011111000111
00111000011111100111
00111100011111111110
00111100111011111110
00011111110001111110
00001111110001111110
00001111110001111110
00000111110000111110
00000111110000111110
00000111110000011100
00000111110000001000
00000011100000000000
00000000000000000000
00000000000000000000
00000000000000000000
