00000000000000000000
00000000000000000000
00000000000000000000
00000000000000000000
00000000000000000000
00000000000000000000
00000000000000000000
00000000000000000000
00000000000000000000
00000001110000000000
00001111111110000000
00011111111111000000
00111100000111100000
01110000000011110000
11100000000001110000
11100000000001111000
11100000000000111000
11100000000000111000
11100000000000111000
11110000000000111000
11110000000000111000
01110000000000110000
01111000000001110000
00111100000011110000
00011111111111111111
00001111111111111111
00000011110011100000
00000000000000000000
00000000000000000000
00000000000000000000
