0000000000000000
0000000000000000
0000000000000000
0000000000000000
0000000000000000
0000000000000000
0000000000000000
0000000000000000
0000000000000000
0000000000000000
0000000000000000
0000000000000000
0000000000000000
0110000000000000
1110000000000000
1110000110000000
1110001111000000
1110001111000011
1110011111000111
1110011111000110
1111111111001110
1111111111001100
1111100111111000
1111100111111000
0111000111110000
0011000111100000
0000000011100000
0000000001000000
0000000000000000
0000000000000000
