0000000000000000
0000000000000000
0000000000000000
0000000000000000
0000000000000000
0000000000000000
0000000000000000
0000000000000000
0000000000000000
0000000000000000
0000000000000000
0000000000000000
0000000000000000
0000000000000000
0000000000000000
0000000000000000
0000000000000000
1100000110000000
1110001111000011
1110001111000111
1110001111100111
1110001111100110
0111011111100110
0111111111111100
0111111111111100
0111111001111100
0011111001111100
0011110001111000
0001100000111000
0000000000000000
