00000000000000000
00000000000000000
00000000000000000
00000000000000000
00000000000000000
00000000000000000
00000000000110000
00000000000111000
01100000000111000
01110000000111000
11100000000111100
11110000000011100
11110000000111100
01110000001111100
01111001111111110
01111111111111110
01111110000001110
01111100000001110
01111000000001111
00111100000000111
00011100000000111
00011100000000010
00011100000000000
00011110000000000
00001100000000000
00000000000000000
00000000000000000
00000000000000000
00000000000000000
00000000000000000
