00000000000000000
00000000000000000
00000000000000000
00000000000000000
00000000000000000
00000000000000000
00000011111100000
00111111111111000
01111100001111100
11110000000111100
11100000000011110
01110000000001110
01110000000001110
01110000000000111
01111000000000111
00111000000000111
00111000000000111
00111000000000110
00111100000001110
00011100000011110
00011100000111100
00011110111111000
00011111111100000
00001111000000000
00000000000000000
00000000000000000
00000000000000000
00000000000000000
00000000000000000
00000000000000000
