0000000000000000
0000000000000000
0000000000000000
0000000000000000
0000000000000000
0000000000000000
0000000000000000
0000000000000000
0000000000000000
0000000000000000
0001110000000000
0001110000000000
0001110000000000
0011110000000011
0011100000000011
0011100000000110
0011100000000110
0111000000000110
0111000000001110
0111000000001100
1111000000001100
1110000000001100
1110000000011000
0111000000011000
0111100000111000
0011110001110000
0001111111100000
0000001111000000
0000000000000000
0000000000000000
