0000000000000000
0000000000000000
0000000000000000
0000000000000000
0000000000000000
0000000000000000
0000100000000000
0001110000000000
0011100000000011
0011100000000111
0011100000000111
0011100000000111
0011110000000111
0011111000001111
0111111111111111
0111100111111110
0111000000011110
0111000000001110
0111000000001110
1111000000001110
1110000000011110
1110000000011100
0100000000011100
0000000000011100
0000000000001000
0000000000000000
0000000000000000
0000000000000000
0000000000000000
0000000000000000
