0000000000000000
0000000000000000
0000000000000000
0000000000000000
0000000000000000
0000000000000000
0000000000000000
0000000000000000
0000000000000000
0000000000000000
0000000000000000
0000000000000000
0000000000000000
0000000011000000
0100000111000000
1110001111100011
0111001111100011
0111001111100011
0111111111110011
0111111111111110
0011111111111110
0011111101111110
0011111000111110
0001111000111100
0001111000111100
0000110000011100
0000000000000000
0000000000000000
0000000000000000
0000000000000000
