00000000000000000000
00000000000000000000
00000000000000000000
00000000000000000000
00000000000000000000
00000000000000000000
00000000000000000000
00100000000000000000
00100000000000000000
01110000000000000000
01110000011000000000
01110000111100000000
01110000111100000000
01110000111100000011
01110001111100000011
01110011111100000110
11110011111100001110
11111111111100001100
11111111111100011100
11111110011100011000
11111100011100111000
11111100011111110000
11111000011111100000
11111000011111100000
11110000011111000000
01100000011111000000
00000000011110000000
00000000011100000000
00000000001000000000
00000000000000000000
