00000000000000000
00000000000000000
00000000000000000
00000000000000000
00000000000000000
00000000000000000
00000000000000000
00000000000000000
00000000000011000
00000000000011000
11000000000011000
11100000000011000
11111000000011100
11111100000001100
01111111000001100
01111111100001100
01100111110001100
01100011111111110
01110000111111110
00110000011111111
00110000001111110
00110000000011110
00110000000001111
00110000000000110
00011000000000000
00011000000000000
00000000000000000
00000000000000000
00000000000000000
00000000000000000
