0000000000000000
0000000000000000
0000000000000000
0000000000000000
0000000000000000
0000000000000000
0000000000000000
0000000000000000
0000000000000000
0000000000000000
0000000000000000
0000000000000000
0000000000000000
0000000000000000
0000011111111000
0001111111111110
0011110000000111
0011100000000000
0111000000000000
0111000000000000
0111000000000000
1110000000000000
1110000000000000
1110000000000000
1110000000001100
0111000000001110
0111000000001110
0011100000011110
0001111100111100
0000111111111100
