0000000000000000
0000000000000000
0000000000000000
0000000000000000
0000000000000000
0000000000000000
0000000000000000
0000000000000000
0000000000000000
0000000000000000
0000000000000000
0000000000000000
0000000000000000
0111000011111000
1111111111111100
0111111100111100
0001111000011100
0001110000011100
0001110000011100
0001110000001110
0001111000001110
0000111000001111
0000111000001111
0000111000001110
0000010000000000
0000000000000000
0000000000000000
0000000000000000
0000000000000000
0000000000000000
