0000000000000000
0000000000000000
0000000000000000
0000000000000000
0000000000000000
0000000000000000
0000000000000000
0000000000000000
0000000000000000
0000000000000000
0000000000000000
0000000000000000
0000000000000000
1100000000000000
1110000110000000
1110001111000000
1110001111000011
1110001111000110
1110011111000110
1110011111001110
0111111111111100
0111110011111100
0111110011111000
0111100011111000
0111100011110000
0011000011110000
0000000001100000
0000000000000000
0000000000000000
0000000000000000
