00000000000000000
00000000000000000
00000000000000000
00000000000000000
00000000000000000
00000000000000000
00000000000000000
00000000000000000
00000000000000000
00000000000000000
00000111111100000
00011111111111000
00111100000111100
01111000000011110
01110000000001110
11100000000001110
11100000000000111
11100000000000111
11100000000000111
11100000000000111
11100000000001111
11100000000001110
01110000000001110
01111000000011100
00111100001111000
00011111111110000
00000111111000000
00000000000000000
00000000000000000
00000000000000000
