000000000000000000
000000000000000000
000000000000000000
000000000000000000
000000000000000000
000000000000000000
000000000000000000
000000000000000000
000000000000000000
000001111111000000
000011111111110000
000111100001111000
001111000000011100
011110000000001110
011100000000001110
011100000000001110
011100000000000111
111000000000000111
111000000000001110
011000000000001110
011100000000001110
011100000000011110
001110000000111100
000111000001111000
000011111111110000
000000111111100000
000000000111100000
000000000011110000
000000000000111000
000000000000011100
