00000000000000000
00000000000000000
00000000000000000
00000000000000000
00000000000000000
00000000000000000
00000000000000000
00000000000000000
00011100000000000
00011100000000000
00011110000000010
00111110000000011
00111111000000011
00111111100000011
00111111110000110
00110011110000110
00110001110000110
01100001111000110
01100001111001100
01100000111111100
01100000011111100
11000000001111100
11000000001111100
11000000000111000
00000000000111000
00000000000111000
00000000000000000
00000000000000000
00000000000000000
00000000000000000
