0000000000000000
0000000000000000
0000000000000000
0000000000000000
0000000000000000
0000000000000000
0000000000000000
0000000000000000
0000000000000000
0000000000000000
0000000000000000
0000000000000000
1110000000000000
1110000000000000
1110000110000000
1110000111000000
1110001111100000
1110011111000011
1111011111000111
1111111111000110
1111111111001100
1111100111111100
1111100111111100
1111100111110000
1110000111110000
0000000111100000
0000000011000000
0000000000000000
0000000000000000
0000000000000000
