00000000000000000000
00000000000000000000
00000000000000000000
00000000000000000000
00000000000000000000
00000000000000000000
00000000000000000000
00000000000000000000
00000000000000000000
00000000000000000011
00000000001100000011
01000000011110000011
11100000011110000011
01110000011110000011
01110000011111000011
01111000011111000111
00111000011111100110
00111100111111100110
00011100110011111110
00011111110001111110
00001111110001111110
00001111110001111110
00001111110000111110
00000111110000111110
00000111110000011100
00000011110000001000
00000001100000000000
00000000000000000000
00000000000000000000
00000000000000000000
