00000000000000000
00000000000000000
00000000000000000
00000000000000000
00000000000000000
00000000000000000
00000000000000000
00000000000000000
00000000000000000
00000000000000000
00000000000000000
00000011110000000
00001111111111000
00011111001111110
00111100000000111
01111000000000010
01110000000000000
11110000000000000
11100000000000000
11100000000000000
11100000000000000
11100000000000000
11100000000111000
01110000000111000
01111000000111000
00111100001111000
00011111011110000
00000111111110000
00000000111100000
00000000000000000
