0000000000000000
0000000000000000
0000000000000000
0000000000000000
0000000000000000
0000000000000000
0000000000000000
0000000000000000
0000000000000000
0000000000000000
0000000000000000
0011111111100000
0011111111111000
0011110000111100
0011100000011110
0111000000001110
0111000000000111
0111000000000111
0111000000000111
0111000000000111
0111000000000111
0111000000000111
0111000000001110
1110000000001110
1110000000011110
1111000000111100
0111111111111000
0011111111100000
0000000000000000
0000000000000000
