00000000000000000
00000000000000000
00000000000000000
00000000000000000
00000000000000000
00000000000000000
00000011111100000
00111111111111000
01111110001111100
11111000000111100
01110000000011110
01110000000001110
01110000000001111
01110000000000111
00111000000000111
00111000000000111
00111000000000111
00111000000000111
00011100000001110
00011100000011110
00011100000111100
00011110111111000
00011111111100000
00001111000000000
00000000000000000
00000000000000000
00000000000000000
00000000000000000
00000000000000000
00000000000000000
