00000000000000000
00000000000000000
00000000000000000
00000000000000000
00000011111100000
00001111111110000
00111100001111000
01111000000011100
01110000000001110
11100000000001110
11100000000000111
11100000000000111
11100000000000111
11100000000000111
11100000000000111
11110000000000111
01110000000001110
01111000000011110
00111100000111100
00011111111111000
00000111111100000
00000000000000000
00000000000000000
00000000000000000
00000000000000000
00000000000000000
00000000000000000
00000000000000000
00000000000000000
00000000000000000
