00000000000000000
00000000000000000
00000000000000000
00000000000000000
00000000000000000
00000000000000000
00000000000000000
00000000000000000
00000000000000000
00000001100000000
00001111111100000
00011111111111000
00111100000011100
01111000000001110
11110000000001110
11100000000000111
11100000000000111
11100000000000111
11100000000000111
11100000000000111
11100000000001110
11100000000001110
01110000000011110
01111000000111100
00111111111111000
00001111111110000
00000001111100000
00000000111100000
00000000001110000
00000000000111100
