0000000000000000
0000000000000000
0000000000000000
0000000000000000
0000000000000000
0000000000000000
0000000000000000
0000010000000000
0000111000000000
0001111000000000
0001111000000111
0001110000001111
0001110000011100
0011110000100000
0011111111000000
0011111110000000
0011111110000000
0011111110000000
0111101111000000
0111000111000000
1111000111000000
1111000111100000
1110000011110000
0100000011110000
0000000001111000
0000000000111000
0000000000010000
0000000000000000
0000000000000000
0000000000000000
