00000000000000000
00000000000000000
00000000000000000
00000000000000000
00000000000000000
00000000000000000
00000000000000000
00000111100000000
00001111111110000
00001111111111000
00001110000111100
00011110000011110
00011100000001111
00111100000000111
00111100000000111
00111000000000111
00111000000000111
00111000000000111
01110000000001111
01110000000001111
11110000000001110
11110000000011110
01111100000111100
00111111111111000
00000111111100000
00000001000000000
00000000000000000
00000000000000000
00000000000000000
00000000000000000
