00000000000000000
00000000000000000
00000000000000000
00000000000000000
00000000000000000
00000011111100000
00001111111111000
00011110000111100
00111000000011110
01110000000001110
01110000000000111
11100000000000111
11100000000000111
11100000000000111
11100000000000111
11100000000000111
01110000000000111
01111000000001111
01111000000011110
00111110000111100
00011111111111000
00000111111100000
00000000000000000
00000000000000000
00000000000000000
00000000000000000
00000000000000000
00000000000000000
00000000000000000
00000000000000000
