00000000000000000
00000000000000000
00000000000000000
00000000000000000
00000000000000000
00000000000000000
00000000000010000
00000000000111000
00000000000111000
11000000000011000
11110000000011100
11111000000001100
01111110000001100
01111111000001100
01111111110000110
01110011111000110
01110001111111110
00110000111111110
00110000001111111
00111000000011111
00011000000001111
00011000000000010
00011000000000000
00011100000000000
00001000000000000
00000000000000000
00000000000000000
00000000000000000
00000000000000000
00000000000000000
