0000000000000000000
0000000000000000000
0000000000000000000
0000000000000000000
0000000000000000000
0000000000000000000
0000111111110000000
0001111111111100000
0011100000011110000
0111000000001110000
1110000000000111000
1110000000000111000
1110000000000111000
1110000000000011100
1110000000000011100
1110000000000011100
1110000000000011100
1110000000000111000
0111000000000111000
0111100000001110000
0011111000111100000
0001111111111110000
0000001111111111111
0000000000000011111
0000000000000000000
0000000000000000000
0000000000000000000
0000000000000000000
0000000000000000000
0000000000000000000
