00000000000000000
00000000000000000
00000000000000000
00000000000000000
00000000000000000
00000000000000000
00000000000000000
00000000000000000
00000000000000000
00000000000000000
00000000111000000
00001111111110000
00011111001111100
00111100000011110
01111000000001110
01110000000001111
11100000000001111
11100000000000111
11100000000000111
11100000000000111
11110000000000111
01110000000000111
01110000000000111
01111000000001111
00111100000111110
00011111111111100
00001111111110000
00000000000000000
00000000000000000
00000000000000000
