00000000000000000
00000000000000000
00000000000000000
00000000000000000
00000000000000000
00000000000000000
00000000000000000
00000000000000000
00000000000000000
00000000000000000
00000000000000000
00110000000000000
01110000000000000
01110000111000000
01110001111000000
01110001111000011
01110011111000111
01111111111000110
01111111111001100
11111111111001100
01111100111111000
01111100111111000
00111000111110000
00011000111110000
00000000011100000
00000000000000000
00000000000000000
00000000000000000
00000000000000000
00000000000000000
