000000000000000000
000000000000000000
000000000000000000
000000000000000000
000000000000000000
000000000000000000
000000000000000000
000000000000000000
000000000000000000
000000000000000000
000000000000000000
000010000000000000
000011000000000000
000011100000000000
000011100000000000
000111110000000000
000111111000000111
000111111000000110
000111111000000110
001100111100000110
001100011110000110
001100011110001100
011100001111001100
011000001111001100
011000000111111000
011000000111111000
110000000011111000
000000000011111000
000000000001110000
000000000001110000
