000000000000000000000
000000000000000000000
000000000000000000000
000000000000000000000
000000000000000000000
000000000000000000000
000011111111100000000
000111111111110000000
001110000001111000000
011100000000111100000
011000000000011100000
111000000000011110000
111000000000001110000
111000000000001110000
111000000000001110000
111100000000001110000
111110000000001110000
011110000000001110000
011110000000011100000
001111000000111100000
000111111111111111110
000011111111111111111
000000111100000011110
000000011000000000000
000000000000000000000
000000000000000000000
000000000000000000000
000000000000000000000
000000000000000000000
000000000000000000000
