00000000000000000000
00000000000000000000
00000000000000000000
00000000000000000000
00000000000000000000
00000000000000000000
00000000000000000000
00000000000000000000
00000000000000111100
00000000000011111110
00000111111111111110
01111111111100001110
11111001111100001110
11110000111100000111
11110000011100000111
11110000011100000111
01110000011100000111
01111000011100000111
01110000011100000111
01111000011110000011
00111000001100000000
00111000000000000000
00010000000000000000
00000000000000000000
00000000000000000000
00000000000000000000
00000000000000000000
00000000000000000000
00000000000000000000
00000000000000000000
