00000000000000000000
00000000000000000000
00000000000000000000
00000000000000000000
00000000000000000000
00000000000000000000
00000000000000000000
00000000000000000000
00000000000000000000
00000000000000000000
00000000000000000000
00000000000000000000
00000000000000000000
00000000000000000000
00000001100001111100
01000011111111111110
11111111111110011110
11111000111100001110
11110000111000001110
11110000111000001110
01110000011100000111
01110000011100000111
01110000011100000111
01110000011100000111
01110000011100000111
01110000001000000010
00100000000000000000
00000000000000000000
00000000000000000000
00000000000000000000
