0000000000000000
0000000000000000
0000000000000000
0000000000000000
0000000000000000
0000000000000000
0000000000000000
0000000000000000
0000000000000000
0000000000000000
0000000000000000
0100000001000000
1110000011100000
1111000111100011
1111001111100011
0111001111100011
0111001111100110
0111111111100110
0111111001111110
0011111001111100
0011111001111100
0011110001111000
0011110001111000
0000000000111000
0000000000000000
0000000000000000
0000000000000000
0000000000000000
0000000000000000
0000000000000000
