00000000000000000000
00000000000000000000
00000000000000000000
00000000000000000000
00000000000000000000
00000000000000000000
00000000000000000000
00000000000000000000
00000000000000000000
00000000000000000000
00000000000000000000
00000000001000000011
11000000011100000111
11100000111100000110
11100000111110000110
11110000111110000110
01110000111110000110
01111000111111000110
00111000111111001110
00111000111111111110
00111101110011111100
00011111100011111100
00011111100001111100
00001111100001111100
00001111100001111100
00001111100000111100
00000111100000011000
00000011000000000000
00000000000000000000
00000000000000000000
