00000000000000000000
00000000000000000000
00000000000000000000
00000000000000000000
00000000000000000000
00000000000000000000
00000000000000000000
11100000000000000000
11100000001000000000
11100000011100000000
11110000011100000011
01110000111110000011
01110000111110000111
01110000111110000110
01110001111110000110
01110001111110001100
01110011111110001100
00111111001110011100
00111111001111111000
00111111000111111000
00111110000111110000
00111110000111110000
00111100000111110000
00111100000111100000
00011000000111100000
00000000000011000000
00000000000000000000
00000000000000000000
00000000000000000000
00000000000000000000
