00000000000000000000
00000000000000000000
00000000000000000000
00000000000000000000
00000000000000000000
00000000000000000000
00000000000000000000
00000000000000000000
00000000000000000000
00000000000000000000
01000000001000000000
11100000011100000000
11100000011100000011
11100000111100000111
01110000111110000110
01110000111110000110
01110001111110001110
01110001111110001100
00111001111111001100
00111111100111001100
00111111000111111000
00111111000111111000
00111111000111111000
00011111000011111000
00011110000011110000
00011110000011110000
00001100000001100000
00000000000000000000
00000000000000000000
00000000000000000000
