000000000000000000
000000000000000000
000000000000000000
000000000000000000
000000000000000000
000000000000000000
000000000000000000
000011111111110000
000111111111111000
001111000001111100
001110000000011100
011100000000011110
011100000000001110
011100000000001111
011100000000001111
011100000000001110
111100000000001110
111100000000001110
011100000000001110
011110000000011100
011111000000111100
000111110011111000
000011111111110000
000000001110000000
000000000000000000
000000000000000000
000000000000000000
000000000000000000
000000000000000000
000000000000000000
