0000000000000000
0000000000000000
0000000000000000
0000000000000000
0000000000000000
0000000000000000
0011000000000000
0111000000000100
0111000000001110
0111000000001110
0111000000001110
0111000000001111
0111100000001111
0111110000011111
0111111111111110
0111111111111110
0110000000011110
1110000000011100
1110000000011100
1110000000011100
1110000000011100
1110000000011100
1110000000011100
0000000000001000
0000000000000000
0000000000000000
0000000000000000
0000000000000000
0000000000000000
0000000000000000
