0000000000000000
0000000000000000
0000000000000000
0000000000000000
0000000000000000
0000000000000000
0000000000000000
0000000000000000
0000000000000000
0000000000000000
0000000000000000
0000000000000000
0000000000000010
0000000000000111
0000000000001111
0000000000001111
0000011110011110
0000111111111110
0001111101111110
0011110000111100
0111100000011100
0111000000011100
0111000000111100
1111000000111000
0111100001111000
0111110001111000
0011111111111000
0000111111111000
0000000000111000
0000000000100000
