000000000000000000
000000000000000000
000000000000000000
000000000000000000
000000000000000000
000000000000000000
000000000000000000
000011111111100000
000111111111111000
001111000000111100
011110000000011100
011100000000001110
011100000000001110
011100000000001110
111100000000001110
111000000000001110
011100000000001110
011100000000001111
011110000000001110
011110000000011110
001111000000111100
000111111111111000
000001111111110000
000000001111111000
000000000001111110
000000000000011110
000000000000000000
000000000000000000
000000000000000000
000000000000000000
