0000000000000000
0000000000000000
0000000000000000
0000000000000000
0000000000000000
0000000000000000
0000000000000000
0000000000000000
0000000000000000
0000011111100000
0001111111111100
0011111000011110
0111100000000011
0111000000000000
1110000000000000
1110000000000000
1110000000000000
1100000000000000
1100000000000000
1100000000001000
1110000000011100
1110000000011100
0111000000011100
0011110000111000
0001111111111000
0000011111111000
0000000000110000
0000000000000000
0000000000000000
0000000000000000
