000000000000000000000
000000000000000000000
000000000000000000000
000000000000000000000
000000000000000000000
000000000000000000000
000000000000000000000
000000000000000000000
000000000000000000000
000000000000000000000
000000000000000000000
000000000000000000000
000000000000000000000
000000000000000000000
000000000000000000000
000000000000000000000
000110000000000000000
001111111100000000000
001111111111000000000
001111000111100111000
001110000011111111110
011110000011110001111
011100000111100001111
011100000111000001111
011100000111000001110
111100000111000001110
111000001111000001110
010000001110000011110
000000001110000011100
000000000110000011100
