0000000000000000
0000000000000000
0000000000000000
0000000000000000
0000000000000000
0000000000000000
0000000000000000
0011000000000000
0111100000000000
0111100000000011
0111110000000110
0111111000000110
0111111100000110
0110011100000110
0110011110000110
0110001111000110
0110000111000110
1110000111100110
1110000011111110
1100000001111100
1100000001111100
1100000000111100
0000000000011100
0000000000001100
0000000000000000
0000000000000000
0000000000000000
0000000000000000
0000000000000000
0000000000000000
