0000000000000000
0000000000000000
0000000000000000
0000000000000000
0000000000000000
0000000000000000
0000000000000000
0000000000000000
0000000000000000
0000000000000000
0000000000000000
0000011000000000
0000111000000000
0000111000000000
0000111000000011
0001111000001111
0001110000111100
0001111011110000
0011111111000000
0011111110000000
0011111110000000
0011101110000000
0111000111000000
0111000111000000
0111000011100000
1110000011100000
0100000001110000
0000000001110000
0000000001110000
0000000000111000
