000000000000000000
000000000000000000
000000000000000000
000000000000000000
000000000000000000
000000000000000000
000000000000000000
000000000000000000
000000000000000000
000000000000000000
000000000000000000
000000000000000000
000000111110000000
000111111111100000
001111100011111000
011110000000111100
011110000000011100
011100000000011110
111100000000001110
111000000000001110
111000000000001110
111000000000001110
111000000000001111
111000000000011110
011100000000111100
011110000000111100
001111000001111000
000111111111110000
000001111111000000
000000000000000000
