000000000000000000000
000000000000000000000
000000000000000000000
000000000000000000000
000000000000000000000
000000000000000000000
000000000000000000000
000000000000000000000
000000000000000000000
011000000000000000000
111100000011000000000
011100000111100000011
011100000111100000110
011100000111100000110
011100001111100000110
011110001111100001100
001110001111110001100
001110011111110011100
001110011001110011000
001111111001110011000
001111111001111111000
000111110001111110000
000111110000111110000
000111110000111110000
000111100000111100000
000011000000111100000
000000000000011000000
000000000000000000000
000000000000000000000
000000000000000000000
