00000000000000000
00000000000000000
00000000000000000
00000000000000000
00000000000000000
00000000000000000
00000000000000000
00000000000000000
00000000000000000
00000000000000000
00000000000000000
00000000000000000
00000000110000110
00000001111000110
11000001111000111
11100001111100111
01110001111100111
01111001111100110
00111001111111110
00111111111111110
00011111100111110
00011111100111100
00001111100011000
00001111100000000
00000111000000000
00000000000000000
00000000000000000
00000000000000000
00000000000000000
00000000000000000
