000000000000000000
000000000000000000
000000000000000000
000000000000000000
000000000000000000
000000000000000000
000000000000000000
000001111111100000
000111111111111000
001111000000111100
001110000000011100
011100000000001110
011100000000001110
111100000000001111
111100000000001111
111100000000000111
111110000000000111
011100000000001110
011100000000001110
001110000000011110
001111000001111100
000111110111111000
000011111111100000
000000011100000000
000000000000000000
000000000000000000
000000000000000000
000000000000000000
000000000000000000
000000000000000000
