00000000000000000
00000000000000000
00000000000000000
00000000000000000
00000000000000000
00000000000000000
00000000000000000
00000000000000000
00000000000000000
00000000000000000
00000000000000000
00000100000000000
00001111110000000
00011111111110000
00011110011111100
00011100000011110
00011100000001110
00011100000000111
00111000000000111
00111000000000111
00111000000000111
01111000000000111
01110000000000111
01110000000001110
01110000000001110
11110000000011110
11111000000111100
01111111111111000
00001111111110000
00000001111000000
