0000000000000000
0000000000000000
0000000000000000
0000000000000000
0000000000000000
0000000000000000
0000000000000010
0000000000000111
0000000000000110
0000000000001100
0000000000001100
0110000000001100
1111000000001100
0111000000001100
0011100000001100
0011110000011100
0001111000011100
0000111100011100
0000011100011100
0000011110011000
0000001111111000
0000000111111000
0000000011111000
0000000011111000
0000000001111000
0000000001110000
0000000000000000
0000000000000000
0000000000000000
0000000000000000
