00000000000000000000
00000000000000000000
00000000000000000000
00000000000000000000
00000000000000000000
00000000000000000000
00000000000000000000
00000000000000000000
01000000000000000000
11100000000000000000
11100000001000000000
11100000011110000000
11100000111110000000
11100000111110000011
11100001111100000111
11100011111100001110
11100011111100001110
11100111111100011100
11100111111110111000
11111110011110111000
11111100011111110000
11111100011111110000
11111000011111100000
11111000011111100000
01110000011111000000
00000000011110000000
00000000011110000000
00000000001100000000
00000000000000000000
00000000000000000000
