00000000000000000
00000000000000000
00000000000000000
00000000000000000
00000000000000000
00000000000000000
00000000000000000
00000000000000000
00000000000000000
00000000000000000
00000110000000000
00000111111000000
00000001111111110
00000000111111111
00000000000111111
00000000000111110
00000000001111100
00000000011110000
00000000111100000
00000001111000000
00000111110000000
00001111000000000
00011110000000000
00111100000000000
01111000000000000
11111100000000000
01111111100000000
00000111111100000
00000000111100000
00000000000100000
