000000000000000000
000000000000000000
000000000000000000
000000000000000000
000000000000000000
000000000000000000
000000000000000000
000000000000000000
000000000000000000
000001100000000000
000011110000000000
000011100000000000
000011100000000010
000111000000000111
000111000000001111
000111100000001111
001111110000001110
001111111110011110
011111011111111100
111110000001111100
011100000000111100
011100000000111100
011100000000111000
111000000001111000
111000000001111000
010000000001110000
000000000011110000
000000000001100000
000000000000000000
000000000000000000
