00000000000000000
00000000000000000
00000000000000000
00000000000000000
00000000000000000
00000000000000000
00000000000000000
00000000000000000
00000000000000000
00000000000000000
00000000000000000
00001111111110000
00011111111111000
00111100000111100
01111000000011110
01110000000001111
11100000000000111
11100000000000111
11100000000000111
11100000000000111
11100000000000111
11100000000001110
11100000000011110
01110000000011110
01111000000111100
00111110011111000
00001111111110000
00000001111000000
00000000000000000
00000000000000000
