0000000000000000
0000000000000000
0000000000000000
0000000000000000
0000000000000000
0000000000000000
0000000000000000
0000000000000000
0000000000000000
0000000000000000
0000000000000000
0100000000000000
1110000000000000
1110000011000000
1110000111100000
0110001111110011
0111001111100111
0111111111100110
0111111111100110
0111111111111100
0111110011111100
0111110011111000
0111100011111000
0011000011110000
0000000001110000
0000000000100000
0000000000000000
0000000000000000
0000000000000000
0000000000000000
