0000000000000000
0000000000000000
0000000000000000
0000000000000000
0000000000000000
0000000000000000
0000000000000000
0000000000000000
0000000000000000
0000000000000000
0000000000000000
0000000000000000
0000000000000000
0011000000000000
0011100000000000
0011100000000011
0011110000000011
0111111000000011
0111111100000110
0110011100000110
0110011110000110
0110001111000110
0110000111000110
0110000111100110
0110000011111110
1100000001111110
1100000000111100
1100000000111100
0000000000011100
0000000000001100
