00000000000000000
00000000000000000
00000000000000000
00000000000000000
00000000000000000
00000000000000000
00000000000000000
00000111111000000
00011111111110000
00111100000111100
01111000000011110
01110000000001110
11110000000001111
11100000000000111
11100000000000111
11100000000000111
11100000000000111
11100000000000111
11100000000001110
01110000000001110
01111000000011110
00111100000111100
00011111111111000
00000111111110000
00000000011110000
00000000000111100
00000000000011110
00000000000000110
00000000000000000
00000000000000000
