0000000000000000
0000000000000000
0000000000000000
0000000000000000
0000000000000000
0000000000000000
0000000000000000
0000000000000010
0000000000000110
0000000000001111
0000000000001110
0000000000001110
0000111100011100
0001111111111100
0011111011111100
0111100001111100
0111100001111000
1111000001111000
1111000001111000
1110000001111000
1111000001110000
0111000011110000
0011111111100000
0001111111100000
0000010001100000
0000000000000000
0000000000000000
0000000000000000
0000000000000000
0000000000000000
