0000000000000000
0000000000000000
0000000000000000
0000000000000000
0000000000001000
0000000000011000
0000000000011100
0110000000011100
1110000000011100
0111000000001100
0111000000001110
0111000000000110
0011100000000110
0011100000000110
0011100000000011
0011110000000011
0001110000000011
0001110000000011
0001111000000110
0000111100011100
0000011111111000
0000001111100000
0000000000000000
0000000000000000
0000000000000000
0000000000000000
0000000000000000
0000000000000000
0000000000000000
0000000000000000
