00000000000000000
00000000000000000
00000000000000000
00000000000000000
00000000000000000
00000000000000000
00000000000000000
00000000000000000
00000000000000000
00000000000000000
00000000000000000
00001100000000000
00011110000000000
00011100000000000
00011100000000010
00011100000000111
00111000000000111
00111000000001110
00111000000001100
01110000000011100
01110000000011100
01110000000011000
11100000000011000
11110000000111000
01110000000110000
01111000001110000
00111000011110000
00011111111000000
00000111110000000
00000001100000000
