0000000000000000
0000000000000000
0000000000000000
0000000000000000
0000000000000000
0000000000000000
0000000000000000
0000000000000000
0000000000000000
0011100000000000
0111111111110000
0111111111111000
0111000000111100
0111000000011110
1111000000001110
0111000000001111
0111000000000111
0111000000000111
0111000000000111
0111000000001111
1110000000001110
1110000000011110
1110000000011110
1110000000111100
1111000001111000
1111111111110000
0000111111000000
0000000000000000
0000000000000000
0000000000000000
