00000000000000000
00000000000000000
00000000000000000
00000000000000000
00000000000000000
00000000000000000
00000000000000000
00000000000100000
00000000001100000
00000000011000000
01100000011000000
11110000010000000
01110000100000000
01110000000000000
01111001000000000
00111111000000000
00111111100000000
00111111111000000
00011111111100000
00011100011111000
00011100001111110
00011110000011111
00001110000000111
00001110000000000
00001110000000000
00000110000000000
00000000000000000
00000000000000000
00000000000000000
00000000000000000
