0000000000000000
0000000000000000
0000000000000000
0000000000000000
0000000000000000
0000000000000000
0000000000000000
0000000000000000
0000000000000000
0000000000000000
0000000011000000
0000111111111110
0001111111111111
0011110000000011
0111100000000000
0111000000000000
1111000000000000
1110000000000000
1110000000000000
1110000000000000
1110000000000100
1110000000001110
0111000000001110
0111100000011110
0011110000011100
0001111110111100
0000011111111100
0000000001111000
0000000000000000
0000000000000000
