000000000000000000000
000000000000000000000
000000000000000000000
000000000000000000000
000000000000000000000
000000000000000000000
000000000000000000000
000000000000000000000
000000000000000000000
000000000001000000111
011000000011100000111
111100000111100000110
011110000111110000110
011110000111110000110
011110000111110000110
001110000111111000110
000111000111111101110
000111000111111111100
000111101110011111100
000011111100011111100
000011111100001111100
000001111100001111100
000001111100001111100
000001111100000111100
000000111100000011000
000000011100000000000
000000000000000000000
000000000000000000000
000000000000000000000
000000000000000000000
