00000000000000000
00000000000000000
00000000000000000
00000000000000000
00000000000000000
00000000000000000
00000000000000000
00000000000000000
00000000000000000
00000000000000000
00000000000000000
00000000000000000
00000000000000000
00000111111100000
00011111111111000
00111100000011100
00111000000001110
01110000000000111
01110000000000111
01110000000000111
11100000000000111
11100000000000111
11100000000000111
11100000000000111
01110000000000111
01110000000001110
00111000000011110
00011110001111100
00001111111111000
00000011111110000
