000000000000000000
000000000000000000
000000000000000000
000000000000000000
000000000000000000
000000000000000000
000000000000000000
000000000000000000
000001111111000000
000111111111110000
001111000000111000
001110000000011100
011110000000001110
011100000000001110
011100000000001110
111000000000001110
111000000000001110
111100000000001110
111100000000001111
111100000000011110
011100000000011110
001110000000111100
000111100001111000
000011111111110000
000000111111100000
000000001111100000
000000000001111000
000000000000111100
000000000000001100
000000000000000000
