00000000000000000000
00000000000000000000
00000000000000000000
00000000000000000000
00000000000000000000
00000000000000000000
00000000001000000011
01000000011110000011
11100000011110000011
01110000011110000011
01110000011110000011
01111000111111000111
00111000111111000110
00111000111111000110
00111100110011100110
00011100110011111110
00011111110011111110
00011111110001111100
00001111100001111100
00001111100001111100
00001111100001111100
00001111100000111100
00000111100000011000
00000011000000000000
00000000000000000000
00000000000000000000
00000000000000000000
00000000000000000000
00000000000000000000
00000000000000000000
