000000000000000000
000000000000000000
000000000000000000
000000000000000000
000000000000000000
000000000000000000
000000000000000000
000000000000000000
000000000000000000
000001111111000000
000111111111110000
001111000001111000
011110000000111100
011100000000011100
111000000000011110
111000000000011110
111000000000001111
111000000000001110
111000000000001110
111000000000001110
111100000000011100
011100000000011100
011110000000111000
001111000001110000
001111111111100000
000011111110000000
000000000000000000
000000000000000000
000000000000000000
000000000000000000
