00000000000000000
00000000000000000
00000000000000000
00000000000000000
00000000000000000
00000000000000000
00000000000000000
00000000000000000
00000000000000000
00000000000000000
00000000000000000
00000000000000000
00000000000000000
00000000000000000
00000000000000000
00000000110000011
01100001111000110
11110001111000110
01110001111100110
01110001111100110
00111001111111110
00111111001111100
00111111001111100
00011111001111100
00011111001111100
00001111000111100
00001110000011000
00000000000000000
00000000000000000
00000000000000000
