0000000000000000
0000000000000000
0000000000000000
0000000000000000
0000000000000000
0000000000000000
0000000000000000
0000000000000000
0000111111100000
0111111111111000
1111000000111100
1111000000011110
1111000000001110
0111000000001111
0111000000000111
0111000000000111
0111000000000111
0111000000000111
0111000000000111
0111000000000111
0111000000001110
0011100000011110
0011110000111100
0011111111111000
0011111111100000
0001000000000000
0000000000000000
0000000000000000
0000000000000000
0000000000000000
