0000000000000000000
0000000000000000000
0000000000000000000
0000000000000000000
0000000000000000000
0000000000000000000
0000000000000000000
0000000011100000000
0000011111111000000
0001111111111110000
0011110001111111000
0111100000000111000
0111000000000011100
0111000000000011100
1110000000000011100
1110000000000011100
1110000000000011100
0111000000000011100
0111000000000011100
0111000000000111100
0011100000000111100
0011110000001111000
0001111111111111000
0000111111111111110
0000000111111111111
0000000000000000111
0000000000000000000
0000000000000000000
0000000000000000000
0000000000000000000
