0000000000000000
0000000000000000
0000000000000000
0000000000000000
0000000000000000
0000000000000000
0000000000000000
0000000000000000
0000000000000000
0011111111111000
0111111111111100
1111000000011110
1111000000001110
0111000000001111
0111000000001111
0111000000000111
0111000000000111
0111000000000111
0011100000000111
0011100000000111
0011100000000111
0011110000001111
0011100000011110
0011110001111100
0011111111111000
0001111111000000
0000000000000000
0000000000000000
0000000000000000
0000000000000000
