0000000000000000
0000000000000000
0000000000000000
0000000000000000
0000000000000000
0000000000000000
0000000000000000
0000000000000100
0110000000001110
1111000000001110
1111000000011110
0111000000011110
0111000000001110
0111000000011110
0111101111111110
0111111111111110
0111110000011110
0111100000001110
0111100000000111
0011100000000111
0011100000000111
0011100000000111
0011100000000111
0011100000000110
0001000000000000
0000000000000000
0000000000000000
0000000000000000
0000000000000000
0000000000000000
