00000000000000000
00000000000000000
00000000000000000
00000000000000000
00000000000000000
00000000000000000
00000000000000000
00000000000000000
00000000000000000
00000100000000000
00001110000000000
00011110000000000
00011100000000011
00011100000000111
00011100000000111
00111100000000111
00111100000000111
01111111100001110
01111111111111110
01111100011111110
01111000000111110
11110000000011100
11110000000011100
11110000000011100
11100000000111100
01000000000111100
00000000000111000
00000000000111000
00000000000011000
00000000000000000
