00000000000000000
00000000000000000
00000000000000000
00000000000000000
00000000000000000
00000000000000000
00000000000110000
00000000000110000
00000000000111000
11000000000011000
11100000000011000
11111000000011000
11111110000001100
11111111000001100
01111111110001100
01100011111001110
01100001111111110
00110000011111110
00110000000111110
00110000000011111
00111000000000111
00011000000000000
00011000000000000
00011000000000000
00000000000000000
00000000000000000
00000000000000000
00000000000000000
00000000000000000
00000000000000000
