00000000000000000
00000000000000000
00000000000000000
00000000000000000
00000000000000000
00000000000000000
00000000000000000
00000000000000000
00000000000000000
00000000000000000
00000000000000000
01100000000000010
11110000000000110
11111000000001111
11111000000001111
11111100000011111
11111100000011111
11111110000011111
11001110000111111
11001111000111111
11001111001111111
11000111001100111
11000111111100111
11000111111000111
11000111111000111
11000011110000111
11000001100000111
00000000000000111
00000000000000010
00000000000000000
