00000000000000000000
00000000000000000000
00000000000000000000
00000000000000000011
00000000000000000011
00000000011100000011
00000000011100000011
01000000011110000011
11100000011111000011
11110000011111000011
01111000011111100011
00111000011111100011
00111100011111110011
00011100011001111111
00011110011000111111
00001111111000111111
00000111111000011111
00000111111000011111
00000011111000001111
00000011111000000110
00000001111000000000
00000000110000000000
00000000000000000000
00000000000000000000
00000000000000000000
00000000000000000000
00000000000000000000
00000000000000000000
00000000000000000000
00000000000000000000
