0000000000000000
0000000000000000
0000000000000000
0000000000000000
0000000000000000
0000000000000000
0000000000000000
0000000000000000
0000000000000000
0000000000000000
0000000000000000
0011111111000000
0011111111111000
0011110001111100
0011100000011110
0011100000001111
0011100000000111
0111000000000111
0111000000000111
0111000000000111
0111000000000111
0111000000000111
0111000000000111
0111000000001110
1110000000011110
1111000000111100
1111111111111000
0111111111110000
0000000000000000
0000000000000000
