000000000000000000000
000000000000000000000
000000000000000000000
000000000000000000000
000000000000000000000
000000000000000000000
000000000000000000000
000000000000000000000
000000000000000000000
000000000000000000000
000000000000000000111
000000000000000000111
000000000011000000111
000000000111100000110
011000000111100000110
111100000111110000110
011110000111110000110
011110000111111000110
001111000111111100110
000111000111111100110
000111100111011111110
000011100111011111110
000011111110001111110
000001111110000111110
000001111111000111110
000000111111000011110
000000011110000011100
000000011110000000100
000000001110000000000
000000001100000000000
