0000000000000000
0000000000000000
0000000000000000
0000000000000000
0000000000000000
0000000000000000
0000000000000000
0000000000000000
0000000000000000
0000000000000000
0000000000000000
0000000000000000
0000000000000000
0100000000000000
1110000000000000
1110001110000000
1110001111000000
1110011111000011
1110011111000110
1111111111000110
1111111111001100
1111111111111100
1111100111111000
1111100111110000
0111000111110000
0010000111100000
0000000011000000
0000000000000000
0000000000000000
0000000000000000
