000000000000000000
000000000000000000
000000000000000000
000000000000000000
000000000000000000
000000000000000000
000000000000000000
000000000000000000
000000000000000000
000011111111000000
000111111111110000
001111000011111000
011110000000111100
011100000000011110
111000000000011110
111000000000001111
111000000000001111
111000000000001110
111000000000001110
111000000000011110
111000000000011100
111100000000111100
011110000001111000
001111100011110000
000111111111100000
000000111111000000
000000001111000000
000000000111110000
000000000001111000
000000000000111000
