0000000000000000
0000000000000000
0000000000000000
0000000000000000
0000000000000000
0000000000000000
0000000000000000
0000000000000000
0000000000000000
0000000000000000
0000000000000000
0000000000000000
0000000000000000
0000000000000000
0010000000000000
0111000111000000
1111000111100000
1111000111100000
1111001111100011
0111001111100011
0111111111100110
0111111111100110
0111110011111100
0111110011111100
0111100011111000
0011100011111000
0000000011110000
0000000001100000
0000000000000000
0000000000000000
