000000000000000000000
000000000000000000000
000000000000000000000
000000000000000000000
000000000000000000000
000000000000000000000
000000000000000000000
000001100000000000000
000011110000000000000
000011110000000000000
000011110000000000000
000111111000000001110
000111111000000011111
000111111000000111110
001100111000000111110
001100111000001111110
001100111000011111110
011100111000111111100
011000111001110111100
011000111111100111100
011000111111000111000
110000011110000111000
000000011100000111000
000000001000001110000
000000000000001110000
000000000000001110000
000000000000001100000
000000000000000000000
000000000000000000000
000000000000000000000
