0000000000000000000
0000000000000000000
0000000000000000000
0000000000000000000
0000000000000000000
0000000000000000000
0000000000000000000
0000000000000000000
0000000000000000000
0000011111110000000
0001111111111000000
0011100000111100000
0111000000011110000
1110000000001111000
1110000000000111000
1110000000000111000
1110000000000011100
1110000000000011100
1110000000000011100
1110000000000011100
1110000000000111000
0111000000000111000
0111100000001110000
0011110000111110000
0001111111111111111
0000011111111111111
0000000000000000000
0000000000000000000
0000000000000000000
0000000000000000000
