00000000000000000000
00000000000000000000
00000000000000000000
00000000000000000000
00000000000000000000
00000000000000000000
00000000000000000000
00000000000000000000
00000000000000000000
00000000000000000000
00000000000000000000
00000000000000000000
00001100000000000000
00011110000000000000
00011110000000000000
00011111000000000110
00011111000000001111
00111111000000011111
00111111000000011111
00111111000000111110
00111111000001111110
00110011100011111110
01100011100011011110
01100011100110011110
01100011111110011100
01100011111100011100
11000011111000011100
11000001111000011100
00000000110000111000
00000000000000111000
