00000000000000000
00000000000000000
00000000000000000
00000000000000000
00000000000000000
00000000000000000
00000000000000000
00000000000110000
00000000000111000
00000000000111000
01100000000111000
11100000000111000
11100000000011100
01110000000111100
01110000001111100
01111011111111110
01111111110011110
00111110000001110
00111100000001110
00111000000001111
00111000000000111
00011100000000111
00011100000000010
00011100000000000
00011110000000000
00001100000000000
00000000000000000
00000000000000000
00000000000000000
00000000000000000
