0000000000000000
0000000000000000
0000000000000000
0000000000000000
0000000000000000
0000000000000000
0000000000000000
0000000000000000
0000000000000000
0000000000000000
0011000000000100
0111000000001110
0111000000001110
0111000000001110
0111000000001110
0111000000001110
0111101010011110
0111111111111110
0111111111111110
0111100000011110
1111000000001110
1111000000001110
0111000000001110
0111000000001110
0111000000001111
0111000000001111
0110000000000110
0000000000000000
0000000000000000
0000000000000000
