00000000000000000
00000000000000000
00000000000000000
00000000000000000
00000000000000000
00000000000000000
00000000000000000
00000111111000000
00011111111110000
00111110000111100
00111000000011110
01110000000001110
01110000000000111
11100000000000111
11100000000000111
11100000000000111
11100000000000111
11100000000000111
11100000000001110
01110000000001110
01111000000011110
00111100000111100
00011111111111000
00000011111100000
00000000111100000
00000000011100000
00000000001111000
00000000000111100
00000000000000000
00000000000000000
