0000000000000000
0000000000000000
0000000000000000
0000000000000000
0000000000000000
0000000000000000
0000000000000000
0000000000000000
0000000000000000
0000000000000000
0000000000000000
0000000000000000
0000000000000000
0000000011000011
0000000111000011
1100001111000111
1110001111100110
1110001111111110
0111001111111111
0111001111111111
0011111111111110
0011111100111110
0001111100111110
0001111100111110
0000111100011100
0000111100000000
0000000000000000
0000000000000000
0000000000000000
0000000000000000
