00000000000000000
00000000000000000
00000000000000000
00000000000000000
00000000000000000
00000001111110000
00111111111111000
01111110001111100
01111000000111100
11110000000011110
11110000000011110
11110000000001111
01111000000000111
00111000000000111
00111000000000111
00111000000000111
00111100000000111
00011100000001110
00011100000011110
00011100000111100
00011110111111000
00011111111100000
00001111100000000
00000000000000000
00000000000000000
00000000000000000
00000000000000000
00000000000000000
00000000000000000
00000000000000000
