00000000000000000000
00000000000000000000
00000000000000000000
00000000000000000000
00000000000000000000
00000000000000000000
11000000000000000000
11100000001000000000
11100000011100000000
11100000011100000001
01110000111100000011
01110000111100000111
01110001111100000110
01110001111110001110
01110011111110001100
01110011001110011100
01111111001110011000
01111110001111111000
01111110001111110000
01111100001111110000
01111100001111100000
01111000001111100000
00110000001111000000
00000000001111000000
00000000000110000000
00000000000000000000
00000000000000000000
00000000000000000000
00000000000000000000
00000000000000000000
