00000000000000000000
00000000000000000000
00000000000000000000
00000000000000000000
00000000000000000000
00000000000000000000
00000000000000000000
00000000000000000000
00000000000000000000
00000000000000000000
00000000000000000000
00000000000000000000
00000000000000000000
00000000000000000000
00000000000000000000
00010000000000000000
00111100000000000000
00111111111000000000
01111111111100000000
01111000011110111100
01110000011111111110
11110000011110001111
11100000111100000111
11100000111000000111
11100000111000001110
11000000111000001110
10000001110000001110
00000001110000011100
00000001100000011100
00000000000000011100
