0000000000000000
0000000000000000
0000000000000000
0000000000000000
0000000000000000
0000000000000000
0000000000000000
0000000000000000
0000000000000000
0000000000000000
0000000000000000
0000000111110000
0000011111111110
0000111111011111
0001110000000000
0011100000000000
0011100000000000
0111000000000000
1111000000000000
1111000000000000
1111000000000000
0111000000000000
0111000000000000
0011100000000000
0011110000000000
0001111000000000
0000111111111000
0000011111111100
0000000111000000
0000000000000000
