0000000000000000
0000000000000000
0000000000000000
0000000000000000
0000000000000000
0000000000000000
0000000111100000
0000111111100000
0001111000000000
0011100000000000
0111000000000000
1110000000000000
1110000000000000
1110000000000000
1110000000000000
1110000000000000
1110000000000000
1111000000000000
0111000000000000
0111100000000010
0011110000001111
0001111111111110
0000111111111000
0000001111000000
0000000000000000
0000000000000000
0000000000000000
0000000000000000
0000000000000000
0000000000000000
