00000000000000000
00000000000000000
00000000000000000
00000000000000000
00000000000000000
00000000000000000
00000000000000000
00001111111100000
01111111111110000
11110000001111000
11110000000111100
11110000000011100
01110000000011110
01110000000001110
01110000000001111
01110000000001111
01110000000001111
01110000000001110
01110000000001110
01110000000011100
00111000000111100
00111100001111100
00111111111111000
00111111111000000
00111000000000000
00000000000000000
00000000000000000
00000000000000000
00000000000000000
00000000000000000
