00000000000000000
00000000000000000
00000000000000000
00000000000000000
00000000000000000
00000000000000000
00000000000000000
00000000000000000
00001111111000000
00011111111111000
00011110111111100
00011100000011110
00011100000001111
00011100000000111
00111100000000111
00111000000000111
00111000000000111
00111000000000111
00111000000000111
00111000000000111
01111000000001111
01110000000001110
11111000011111100
01111111111111000
01111111111110000
00000000001000000
00000000000000000
00000000000000000
00000000000000000
00000000000000000
