0000000000000000
0000000000000000
0000000000000000
0000000000000000
0000000000000000
0000000000000000
0000000000000000
0000000000000000
0000000000000000
0000000011100000
0011111111111000
0111111111111100
1111000000011110
1110000000001110
1111000000001111
0111000000001111
0111000000000111
0111000000000111
0111000000000111
0111100000000111
0011100000000111
0011100000000111
0011100000001110
0011100000011110
0011110011111100
0001111111111000
0001111110000000
0000000000000000
0000000000000000
0000000000000000
