0000000000000000
0000000000000000
0000000000000000
0000000000000000
0000000000000000
0000000000000000
0000000000000000
0000000000000000
0000000000000000
0111111111110000
0111111111111000
1111000001111100
1111000000011110
1110000000011110
1110000000001110
1110000000001110
1110000000000111
0111000000000111
0111000000000111
0111000000000110
0111000000001110
0111000000011110
0111000000011100
0111110001111000
0111111111110000
0011111111100000
0000000100000000
0000000000000000
0000000000000000
0000000000000000
