00000000000000000
00000000000000000
00000000000000000
00000000000000000
00000000000000000
00000000000000000
00000011111110000
00111111111111000
01111100000111100
11111000000011110
01110000000001110
01110000000001111
01110000000000111
00111000000000111
00111000000000111
00111000000000111
00011100000000111
00011100000000111
00011100000000111
00011110000001110
00001110000111100
00001111111111000
00001111111000000
00000111000000000
00000000000000000
00000000000000000
00000000000000000
00000000000000000
00000000000000000
00000000000000000
