00000000000000000
00000000000000000
00000000000000000
00000000000000000
00000000000000000
00000000000000000
00000000000000000
00000000000000000
00000000000000000
00000000000000000
00000000000000000
00000000000000000
00001110000000000
00011111111000000
00011111111111000
00011100000111100
00111000000011110
00111000000001110
00111000000001111
00111000000000111
00111000000000111
01110000000000111
01110000000001110
01110000000001110
01110000000001110
01110000000011110
11110000000111100
11111000001111000
01111111111110000
00001111111100000
