0000000000000000
0000000000000000
0000000000000000
0000000000000000
0000000000000000
0000000000000000
0000000000000000
0000000000000000
0000000000000000
0111111111111000
1111111111111100
1111000000111110
1111000000011110
0111000000001111
0111000000000111
0111000000000111
0111000000000111
0111000000000111
0011100000000111
0011100000000111
0011100000000111
0011100000001111
0011100000011110
0011110001111100
0001111111111000
0001111110000000
0000000000000000
0000000000000000
0000000000000000
0000001100000000
