0000000000000000
0000000000000000
0000000000000000
0000000000000000
0000000000000000
0000000000000000
0000000000000000
0000000000000000
0000000000000000
0000000000000000
0000000000000000
0000000000000000
0000000000000000
0001111110000000
0011111111110000
0011110011111100
0011100000011110
0011100000001111
0011100000000111
0011100000000111
0111000000000111
0111000000000111
0111000000000111
0111000000000111
0111000000000111
0111000000001111
1110000000001110
1111000000011110
1111111111111100
0111111111111000
