0000000000000000
0000000000000000
0000000000000000
0000000000000000
0000000000000000
0000000000000000
0001111111110000
0111111111111000
1111000000111100
1110000000011110
1110000000001110
1110000000001110
1110000000001111
0111000000000111
0111000000000111
0111000000000111
0111000000000111
0111000000001110
0111000000001110
0111000000011110
0011100001111100
0011111111110000
0011111111000000
0001000000000000
0000000000000000
0000000000000000
0000000000000000
0000000000000000
0000000000000000
0000000000000000
