0000000000000000
0000000000000000
0000000000000000
0000000000000000
0000000000000000
0000000000000000
0000000000000000
0000000000000000
0000000000000000
0000000011111100
0000011111111100
0001111110000000
0011110000000000
0111100000000000
0111000000000000
0111000000000000
1110000000000000
1110000000000000
1111000000000010
0111000000000111
0111000000000111
0111000000000111
0011100000000111
0011110000001111
0001111111111111
0000111111111100
0000010000000000
0000000000000000
0000000000000000
0000000000000000
