0000000000000000
0000000000000000
0000000000000000
0000000000000000
0000000000000000
0000000000000000
0000000000000000
0000000000000000
0000000000000000
0000000000000000
0000001111100000
0000111111111110
0011111000011111
0111100000000010
0111000000000000
0111000000000000
1110000000000000
1110000000000000
1110000000000000
1110000000000000
1110000000000100
1110000000001110
0111000000001110
0111100000011100
0011110000111100
0001111111111100
0000011111111000
0000000000000000
0000000000000000
0000000000000000
