0000000000000000
0000000000000000
0000000000000000
0000000000000000
0000000000000000
0000000000001000
0000001111111000
0000111111111000
0011110000000000
0111100000000000
0111000000000000
1111000000000000
1110000000000000
1110000000000000
1110000000000100
1110000000001110
1110000000001110
1111000000001111
0111000000000111
0111100000001111
0011111000001111
0001111111111110
0000011111110000
0000000000000000
0000000000000000
0000000000000000
0000000000000000
0000000000000000
0000000000000000
0000000000000000
