0000000000000000
0000000000000000
0000000000000000
0000000000000000
0000000000000000
0000000000000000
0000000000000000
0000000000000000
0000111110000000
0001111110000000
0011110000000000
0111000000000000
1110000000000000
1110000000000000
1110000000000000
1110000000000100
1110000000001110
1110000000001110
1110000000001110
1110000000000111
0111000000000111
0111100000011111
0011111000111110
0001111111111100
0000011111100000
0000000000000000
0000000000000000
0000000000000000
0000000000000000
0000000000000000
