0000000000000000
0000000000000000
0000000000000000
0000000000000000
0000000000000000
0000000000000000
0000000000000000
0000000000000000
0000000000000000
0000011111111000
0001111111111110
0011111000000111
0011110000000000
0111100000000000
0111000000000000
1111000000000000
1110000000000000
1110000000000000
1110000000000000
1110000000000100
0111000000001110
0111000000001110
0011100000011110
0001111000111100
0000111111111100
0000000111111000
0000000000000000
0000000000000000
0000000000000000
0000000000000000
