0000000000000000
0000000000000000
0000000000000000
0000000000000000
0000000000000000
0000000000000000
0000000000000000
0000000000000000
0000000111000000
0000001111111100
0000111111111100
0011111000000000
0111100000000000
0111000000000000
1111000000000000
1110000000000000
1110000000000000
1110000000000000
1110000000000100
1110000000001110
0111000000001110
0111000000000111
0111100000000111
0111111000001111
0001111111111110
0000011111111000
0000000000000000
0000000000000000
0000000000000000
0000000000000000
