0000000000000000
0000000000000000
0000000000000000
0000000000000000
0000000000000000
0000000000000000
0000000000000000
0000000000000000
0000000000000000
0000000011111000
0000111111111100
0001111100000100
0011110000000000
0111100000000000
0111000000000000
0111000000000000
1110000000000000
1110000000000000
1110000000000110
0111000000000111
0111000000000111
0111000000000111
0011100000000111
0011110000001111
0001111111111111
0000011111111110
0000000000000000
0000000000000000
0000000000000000
0000000000000000
