000000000000000000
000000000000000000
000000000000000000
000000000000000000
000000000000000000
000000000000000000
000000000000000000
000000000000000000
000000000000000000
000000000000000000
000000000000000000
000000000000000000
000001100000000000
000011100000000000
000011100000000000
000011100000000010
000111000000000111
000111000000000111
000111100000001110
001111110000001110
001111111110011110
011111011111111100
011110000001111100
111100000000111100
111100000000111100
111100000000111100
111000000000111000
010000000001111000
000000000001110000
000000000001110000
