000000000000000000
000000000000000000
000000000000000000
000000000000000000
000000000000000000
000000000000000000
000000000001110000
000000000001110000
000000000001110000
011000000000111000
111000000000111000
011100000000111000
011100000001111100
011100000011111100
001111111111111100
001111111100011110
001111100000001110
001111000000001110
000111000000001110
000111000000000111
000111100000000111
000011100000000010
000011100000000000
000011100000000000
000001100000000000
000000000000000000
000000000000000000
000000000000000000
000000000000000000
000000000000000000
