0000000000000000
0000000000000000
0000000000000000
0000000000000000
0000000000000000
0000000000000000
0000000000000000
0000000000000000
0000000000000000
0000000000000000
0000000000000000
0000000000000000
0100000000000000
1110000000000000
1111000000000000
0111000100000000
0111100111111000
0111100111111100
0011111100111100
0011111100011110
0011111000001110
0001110000001110
0001110000001110
0001111000000111
0001111000000111
0000111000000111
0000111000000110
0000111100000000
0000011000000000
0000001000000000
