00000000000000000
00000000000000000
00000000000000000
00000000000000000
00000000000000000
00000000000000000
00000000000000000
00000000000000000
00000000000000000
00011110000000000
00011110000000000
00011110000000111
00011100000000111
00011100000000111
00011100000000111
00011110000000111
00111111100001111
00111111111111110
00111100011111110
00111000000011110
00111000000001110
01111000000001110
01110000000001110
11110000000011100
01110000000011100
00100000000011100
00000000000001100
00000000000001110
00000000000000000
00000000000000000
