0000000000000000
0000000000000000
0000000000000000
0000000000000000
0000000000000000
0000000000000000
0000000000000000
0000000000000000
0000000000000000
0010000000000000
0111000000000000
1111000000000000
0111000000000000
0111000000000000
0111000011111000
0111100111111100
0011111100111100
0011111000011110
0011111000001110
0001111000001110
0001111000001110
0001111000001111
0001111000000111
0000111000000111
0000111000000111
0000111000000000
0000011000000000
0000000000000000
0000000000000000
0000000000000000
