00000000000000000
00000000000000000
00000000000000000
00000000000000000
00000000000000000
00000000000000000
00000000000000000
00000000000000000
00000000000000000
00001100000000000
00011110000000000
00011100000000000
00011100000000010
00011100000000111
00011100000000111
00111000000000111
00111100000001110
01111111111011110
01111111111111110
01111000001111111
01110000000111110
01110000000011100
01110000000011100
11110000000011100
11100000000111100
01000000000111000
00000000000111000
00000000000111000
00000000000011000
00000000000000000
