00000000000000000
00000000000000000
00000000000000000
00000000000000000
00000000000000000
00000000000000000
00000000000000000
00000000000000000
00000000000000000
00000000000110000
00000000001110000
00000000001111000
11000000000111000
11100000000111000
11100000000111000
11100000000111100
11110000011111100
01111011111111110
01111111100011110
01111110000001110
00111000000001110
00111000000001110
00111000000000111
00111100000000111
00011100000000010
00011100000000000
00011100000000000
00001100000000000
00000000000000000
00000000000000000
