0000000000000000
0000000000000000
0000000000000000
0000000000000000
0000000000000000
0000000000001100
0000000000011100
0110000000011100
1110000000011100
1110000000011110
1111000000001110
0111000000011110
0111100011111110
0111111111111110
0111111100001110
0111100000000111
0011100000000111
0011100000000111
0011100000000111
0011100000000111
0011100000000011
0001110000000000
0001100000000000
0000000000000000
0000000000000000
0000000000000000
0000000000000000
0000000000000000
0000000000000000
0000000000000000
