00000000000000000
00000000000000000
00000000000000000
00000000000000000
00000000000000000
00000000000000000
00000000000000000
00000000000000000
00000000000000000
00000000000000000
00000000000000000
00001000000000000
00011100000000000
00011100000000010
00111000000000111
00111000000001110
00111000000001110
00111100000001110
00111110000001110
01111111111111110
01111001111111110
01110000000111100
01110000000011100
01110000000011100
01110000000011100
11100000000011100
11100000000111000
01000000000111000
00000000000111000
00000000000111000
