0000000000000000
0000000000000000
0000000000000000
0000000000000000
0000000000000000
0000000000000000
0000000000000000
0000000000110000
0110000001110000
0111000001100000
0111000011000000
0111000111000000
1111000110000000
1111001100000000
1111111100000000
0011111111000000
0011111111000000
0011100111100000
0011100011110000
0011100001111000
0011110000111110
0011110000001111
0011110000000111
0001100000000000
0000100000000000
0000000000000000
0000000000000000
0000000000000000
0000000000000000
0000000000000000
