000000000000000000
000000000000000000
000000000000000000
000000000000000000
000000000000000000
000000000000000000
000000000000000000
000000000000000000
000000000001000000
000000000011000000
000000000010000000
011000001100000000
111100001110000000
011100011110000000
011100011110000000
011100110000000000
011111110000000000
001111111000000000
001111111110000000
000111111111100000
000111000111110000
000111000011111100
000111100000111111
000011100000011110
000011100000000000
000011110000000000
000001100000000000
000000000000000000
000000000000000000
000000000000000000
