0000000000000000
0000000000000000
0000000000000000
0000000000000000
0000000000000000
0000000000000000
0000110000000000
0000111000000000
0000111000000001
0001111000000111
0001110000001111
0001110000111100
0001110001110000
0011111010000000
0011111110000000
0011111100000000
0111111110000000
0111001111000000
0111000111100000
0111000111100000
1111000011100000
1111000011100000
0110000001110000
0000000001110000
0000000000111000
0000000000010000
0000000000000000
0000000000000000
0000000000000000
0000000000000000
