000000000000000000000
000000000000000000000
000000000000000000000
000000000000000000000
000000000000000000000
000000000000000000000
000000000000000000000
000000000000000000000
000000000000000000000
000000000000000000000
000000000000000000000
000011000000000000000
000111100000000000000
000111110000000000000
000111110000000001100
000111110000000011110
001111110000000111111
001111110000000111110
001111110000001111110
001111110000011111100
011100111000111111100
011000111000110111100
011000111001100111000
011000111111100111000
111000111111000111000
110000111110000111000
110000011100001111000
000000001000001110000
000000000000001110000
000000000000001110000
