00000000000000000000
00000000000000000000
00000000000000000000
00000000000000000000
00000000000000000000
00000000000000000000
00000000000000000000
00000000000000000000
00000000000001111100
00000000000001111110
00000111110000011110
01111111111100001110
11111101111100001110
11110000111100001111
11110000011100000111
01110000011100000111
01110000011100000111
01110000011100000111
01110000011100000111
01111000011110000000
00111000001100000000
00111000000000000000
00010000000000000000
00000000000000000000
00000000000000000000
00000000000000000000
00000000000000000000
00000000000000000000
00000000000000000000
00000000000000000000
