000000000000000000000
000000000000000000000
000000000000000000000
000000000000000000000
000000000000000000000
000000000000000000000
000000000000000000000
000000000000000000000
000000000000000000000
000000000000000000000
000000000000000000000
000000000000001111000
000000000000011111100
000000111101111111100
000001111111100011100
011101011111000001110
111100001111000001110
111100000111000001110
111100000111000001110
011100000111000000111
011100000011100000111
001110000011100000110
001110000011100000000
001110000001000000000
001110000000000000000
000110000000000000000
000000000000000000000
000000000000000000000
000000000000000000000
000000000000000000000
