0000000000000000000
0000000000000000000
0000000000000000000
0000000000000000000
0000000000000000000
0000000000000000000
0000000000000000000
0000000000000000000
0000000000000000000
0000000000000000000
0001110000000000000
0001111000000000000
0011111000000000011
0011111000000000111
0011111000000001111
0011111100000011111
0011111100000011111
0111111100000111111
0111111110001111111
0110011110001111110
0110001111111001110
0110001111111001110
1110001111110001110
1110001111110001110
1100001111100001110
1100000111000011100
0000000110000011100
0000000000000011100
0000000000000001000
0000000000000000000
