0000000000000000000
0000000000000000000
0000000000000000000
0000000000000000000
0000000000000000000
0000000000000000000
0000000000000000000
0000000000000000000
0000000000000000000
0000000000000000000
0000000000000000000
0000000000000011000
0111111110000111100
1111111111111001110
1111000111110000111
1110000011100000111
1110000011100000111
1110000011100000111
1110000011100000111
1110000011100000111
1110000011100000111
1110000011100000111
1110000011100000010
0100000001000000000
0000000000000000000
0000000000000000000
0000000000000000000
0000000000000000000
0000000000000000000
0000000000000000000
