0000000000000000000
0000000000000000000
0000000000000000000
0000000000000000000
0000000000000000000
0000000000000000000
0000000000000000000
0000000000000000000
0000000000000000000
0000000000000000000
0000000000000000000
0000000000000000000
0110011110001111110
1111111111111111111
1111000111110001111
1110000011100000111
1110000011100000111
1110000011100000111
1110000011100000111
1110000011100000111
1110000011100000111
1110000011100000111
1110000011100000111
0100000001000000010
0000000000000000000
0000000000000000000
0000000000000000000
0000000000000000000
0000000000000000000
0000000000000000000
