000000000000000000
000000000000000000
000000000000000000
000000000000000000
000000000000000000
000000000000000000
001110000000000000
011110000000000110
011110000000001111
011111000000001111
011111000000011111
011111000000011111
011111100000111111
011111100000111111
011111100001111111
110011110001101111
110011110011001110
110001111111001110
110001111111001110
110000111110001110
110000111100001110
110000011100001110
100000011000001110
000000000000000100
000000000000000000
000000000000000000
000000000000000000
000000000000000000
000000000000000000
000000000000000000
