000000000000000000
000000000000000000
000000000000000000
000000000000000000
000000000000000000
000000000000000000
000000000000000000
000000000000000000
000000000000000000
000000000000000000
000000000000000000
000000000000000000
001100000000000000
011110000000001110
011110000000011111
011110000000011111
011111000000011111
011111000000111111
011111100000111111
111111100001111110
110011110001111110
110011110011111110
110001111111001110
110001111111001110
110001111110001110
110000111110001110
110000111100001110
110000011100001110
000000011000001110
000000000000001110
