0000000000000000000
0000000000000000000
0000000000000000000
0000000000000000000
0000000000000000000
0000000000000000000
0000000000000000000
0000000000000000000
0000000000000000000
0000000000000000000
0000000000000000000
0000000000000000000
0100011111000111110
1111111111111111111
1111100111111001111
1111000011110000111
1110000011100000111
1110000011100000111
1110000011100000111
1110000011100000111
1110000011100000111
1110000011100000111
1110000011100000111
0100000001000000010
0000000000000000000
0000000000000000000
0000000000000000000
0000000000000000000
0000000000000000000
0000000000000000000
