00000000000000000000
00000000000000000000
00000000000000000000
00000000000000000000
00000000000000000000
00000000000000000000
00000000000000000000
00000000000000100000
00000000000001110000
00000000000001111000
00000000000011111000
01110000000011111000
11111000000011111000
11111000000011111100
11111100000011111100
01111110000011111100
01111111000011011110
01111111100110001110
00110111100110001110
00110011111110001110
00110001111110000111
00110000111110000111
00011000011110000111
00011000011100000010
00011000000000000000
00011000000000000000
00000000000000000000
00000000000000000000
00000000000000000000
00000000000000000000
