0000000000000000000
0000000000000000000
0000000000000000000
0000000000000000000
0000000000000000000
0000000000000000000
0000000000000000000
0000000000000000000
0000000000000000000
0000000000000000000
0000000000000000000
0000000000000000000
0000000000000111000
0111111110001111110
1111111111111111110
1111000111111000111
1111000011110000111
1110000011100000111
1110000011100000111
1110000011100000111
1110000011100000111
1110000011100000111
1110000011100000111
1110000011100000010
0110000001000000000
0000000000000000000
0000000000000000000
0000000000000000000
0000000000000000000
0000000000000000000
