00000000000000000
00000000000000000
00000000000000000
00000000000000000
00000000000000000
00000000000000000
00000000000000000
11100000000000010
11110000000000111
11111000000001111
11111000000001111
11111100000011111
11111100000011111
11111100000111111
11111110000111111
11001110001111111
11001110001100111
11000111001100111
11000111111000111
11000111111000111
11000011110000111
11000011110000111
11000001100000111
00000000000000010
00000000000000000
00000000000000000
00000000000000000
00000000000000000
00000000000000000
00000000000000000
