00000000000000000000
00000000000000000000
00000000000000000000
00000000000000000000
00000000000000000000
00000000000000000000
00000000000000000000
00000000000000000000
00000000000000000000
00000000000000000000
00000000000000000000
00110000000000000000
00111111111000000000
00111111111110111100
00111100111111111110
01110000011111101111
01110000011110000111
01110000011100000111
01110000011100000111
01110000011100000111
11100000111100000111
01100000111000001110
00000000111000001110
00000000110000001110
00000000000000001110
00000000000000000100
00000000000000000000
00000000000000000000
00000000000000000000
00000000000000000000
