000000000000000000000
000000000000000000000
000000000000000000000
000000000000000000000
000000000000000000000
000000000000000000000
000000000000000000000
000000000000000000000
000000000000000000000
000000000000000000000
000000000000000110000
000000000000011111000
000001111100111111100
010001111111100111100
111100011111000011110
111100001111000001110
011100000111000001110
011100000111000001110
011100000111000001110
011100000111000001110
011100000111000001111
011100000011100000110
001110000001000000000
001110000000000000000
000100000000000000000
000000000000000000000
000000000000000000000
000000000000000000000
000000000000000000000
000000000000000000000
