0000000000000000000
0000000000000000000
0000000000000000000
0000000000000000000
0000000000000000000
0000000000000000000
0000000000000000000
0000000000000000000
0000000000000000000
0000000000000000000
0001100000000000000
0011110000000000000
0011111000000000110
0011111000000001111
0011111000000011111
0011111000000011111
0111111100000111111
0110011100001111110
0110011100001111110
0110011100011111110
0110011110011001110
0110001111110001110
0110001111110001110
1100001111100001110
1100001111000011100
1100000111000011100
0000000000000011100
0000000000000011100
0000000000000001000
0000000000000000000
