00000000000000000000
00000000000000000000
00000000000000000000
00000000000000000000
00000000000000110000
00000000000001111000
00000000000001111000
00000000000001111000
11110000000001111000
11111000000011111100
11111100000011111100
01111100000011111100
01111110000011111100
01111111000011111110
01111111100011011110
01110011100111011110
00110011111110001110
00111001111110000111
00111000111110000111
00111000011110000111
00011000011110000010
00011000001100000000
00011000000000000000
00000000000000000000
00000000000000000000
00000000000000000000
00000000000000000000
00000000000000000000
00000000000000000000
00000000000000000000
