00000000000000000000
00000000000000000000
00000000000000000000
00000000000000000000
00000000000000000000
00000000000000000000
00000000000000000000
00000000000000000000
00000000000000000000
00001100000000000000
00011100000000000000
00011110000000000000
00111110000000000110
00111110000000001111
00111111000000011111
00111111000000111110
00111111000000111110
00111111000001111110
01100111000011111110
01100111000011111110
01100011100111111100
01100011111110111100
01100011111100011100
01100011111000011100
11100011111000011100
11000011110000111000
00000000100000111000
00000000000000111000
00000000000000110000
00000000000000000000
