000000000000000000
000000000000000000
000000000000000000
000000000000000000
000000000000000000
000000000000000000
000000000000000000
000000000000000000
000000000000001100
011000000000011110
111110000000011110
111110000000111110
111110000000111110
111111000001111110
111111000001111110
111111100001111110
110011110011111110
110011110111001110
110001111111001110
110001111111000111
011000111110000111
011000111110000111
011000111110000111
011000011100000111
011000000000000010
000000000000000000
000000000000000000
000000000000000000
000000000000000000
000000000000000000
