0000000000000000000
0000000000000000000
0000000000000000000
0000000000000000000
0000000000000000000
0000000000000000000
0000000000000000000
0000000000000000000
0000000000000000000
0001000000000000000
0011100000000000000
0011110000000000110
0111110000000001111
0111110000000011110
0111111000000111110
0111111000000111110
0111111000001111110
0111111100001111110
0110011100011001110
0110011100011001110
0110011110110001110
1110001111110001110
1100001111100011100
1100001111100011100
1100001111000011100
0000000110000011100
0000000000000011100
0000000000000001000
0000000000000000000
0000000000000000000
