00000000000000000000
00000000000000000000
00000000000000000000
00000000000000000000
00000000000000000000
00000000000000000000
00000000000000000000
00000000000000000000
00000000000000000000
00000000000000000000
00000000000000000000
00000110000000000000
00001110000000000000
00001111000000000000
00011111000000000000
00011111000000000111
00011111000000001111
00011111000000011111
00111111000000111111
00111111100001111111
01110011100001111110
01110011100111111110
01100011100111111110
01100011111110011110
01100011111100011100
11100011111100011100
11000001111000011100
00000001110000111100
00000000000000111000
00000000000000111000
