000000000000000000000
000000000000000000000
000000000000000000000
000000000000000000000
000000000000000000000
000000000000001100000
000000000000011110000
000000000000011110000
000000000000011110000
011100000000011111000
111110000000111111000
011111000000111111000
011111100000110011100
011111110000110011100
011111110000110011100
001111111000110011110
001110111100110001110
001110011111110001110
000110001111110001111
000110000111110000111
000110000011100000010
000011000001000000000
000011000000000000000
000011000000000000000
000000000000000000000
000000000000000000000
000000000000000000000
000000000000000000000
000000000000000000000
000000000000000000000
