00000000000000000000
00000000000000000000
00000000000000000000
00000000000000000000
00000000000000000000
00000000000000000000
00000000000000000000
00000000000000000000
00000000000000000000
00000000000000000000
00000000000000000000
00000001100000111100
01000111111111111110
11111111111110011110
11111001111100001110
11110000111100001110
11110000011100000111
01110000011100000111
01110000011100000111
01110000011100000111
01110000011100000111
01110000011100000111
01110000001000000110
00100000000000000000
00000000000000000000
00000000000000000000
00000000000000000000
00000000000000000000
00000000000000000000
00000000000000000000
