000000000000000000000
000000000000000000000
000000000000000000000
000000000000000000000
000000000000000000000
000000000000000000000
000000000000000000000
000000000000000000000
000000000000000000000
000000000000000000000
000000000000000000000
000000000000000111000
000000000000011111100
000000011100011111100
000001111111000011100
011101111111000001110
111100001111000001110
011100000111000001110
011100000111000001110
011100000111000000111
011100000011100000111
001110000011100000111
001110000011100000010
001110000011100000000
001110000000000000000
000110000000000000000
000000000000000000000
000000000000000000000
000000000000000000000
000000000000000000000
