0000000000000000000
0000000000000000000
0000000000000000000
0000000000000000000
0000000000000000000
0000000000000000000
0000000000000000000
0000000000000000000
0000000000000000000
0000000000000000000
0000000000000011000
0000000000000111100
0000000000000111100
0111000000000111100
1111100000001111100
1111100000001111110
1111110000001111110
0111111000001111110
0111111000011111110
0111111100011001110
0111011110011001110
0111011110011000111
0111001111111000111
0011000111110000111
0011000111110000111
0011000011110000111
0011100001100000010
0011100000000000000
0011100000000000000
0111000000000000000
