000000000000000000000
000000000000000000000
000000000000000000000
000000000000000000000
000000000000000000000
000000000000000000000
000000000000000000000
000000000000000000000
000000000000000000000
000000000000000000000
000000000000000000000
000000000000000000000
000000000000011110000
000000000000111111000
000001111111100111100
000011111111000011100
011111111110000011100
111100001110000001110
111100000111000001110
111100000111000001110
011100000111000001111
011100000111100000111
011100000011100000010
001110000011100000000
001110000001000000000
001110000000000000000
000110000000000000000
000000000000000000000
000000000000000000000
000000000000000000000
