00000000000000000
00000000000000000
00000000000000000
00000000000000000
00000000000000000
00000000000000000
00000000000000000
00000000000000000
01100000000000110
11110000000001111
11110000000011111
11111000000011111
11111000000011111
11111100000111111
11111100000111111
11111100001111111
11001110001100111
11001110011100111
11001111111000111
11000111111000111
11000111110000111
11000011110000111
11000011110000111
11000001100000111
00000000000000010
00000000000000000
00000000000000000
00000000000000000
00000000000000000
00000000000000000
