000000000000000000000
000000000000000000000
000000000000000000000
000000000000000000000
000000000000000000000
000000000000000000000
000000000000000000000
000000000000000000000
000001110000000000000
000011111000000000000
000011111000000000000
000011111000000000000
000111111000000000110
000111111000000001111
000111111000000011111
000111111000000111110
001100111000001111110
001100111000011111110
001100111000111111100
011000111001110011100
011000111111100011100
011000111111000111000
110000011110000111000
000000011110000111000
000000001100001110000
000000000000001110000
000000000000001110000
000000000000001110000
000000000000000000000
000000000000000000000
