0000000000000000000
0000000000000000000
0000000000000000000
0000000000000000000
0000000000000000000
0000000000000000000
0000000000000000000
0000000000000001100
0000000000000011110
0111000000000111110
1111100000000111110
0111100000000111110
0111110000001111110
0111110000001111110
0111111000001111110
0111111000011111110
0111111100011001110
0110011110011001110
0110001111111001110
0110001111111001111
0110000111110000111
0011000111110000111
0011000011110000111
0011000001000000011
0011000000000000000
0001000000000000000
0000000000000000000
0000000000000000000
0000000000000000000
0000000000000000000
