00000000000000000000
00000000000000000000
00000000000000000000
00000000000000000000
00000000000000000000
00000000000000000000
00000000000000000000
00000000000000000000
00000000000000000000
00000000000000000000
00000000000000000000
00000000000000000000
00000000000000000000
00000000000000000000
00000000000000000000
00000000000000000000
01100000000000000000
01111111110000111000
01111111111101111100
01111100111111101110
01111000011110000111
11110000011100000111
11110000111000001110
11100000111000001110
11100000111000001110
11100000111000001110
11100000111000001110
01100000111000001110
00000000010000000100
00000000000000000000
