0000000000000000
0000000000000000
0000000000000000
0000000000000000
0000000000000000
0000000000000000
0000000000000000
0000000000000000
0000000000000000
0000000000000000
0000000000000000
0000000000000000
0110000000000110
0111000000000110
0111100000000110
0111110000000110
0111111000000110
1111111100000111
0110011110000111
0110001111100111
0110000111101110
0110000011111110
0110000001111110
0110000000111110
0110000000011110
0110000000001110
0110000000000110
0000000000000010
0000000000000000
0000000000000000
