00000000000000000
00000000000000000
00000000000000000
00000000000000000
00000000000000000
00000000000000000
00000000000000000
00000000000000000
00000000000000000
00000000000000000
00000000000000000
00000000000000000
00000000000000000
00011000000000000
00011100000000011
00111110000000011
00111110000000110
00111111000000110
00111111000000110
00110011100000110
01100011110000110
01100011110001110
11100001111001110
01100000111111100
01100000011111100
01100000011111100
11100000001111100
11000000001111000
00000000000111000
00000000000011000
