0000000000000000
0000000000000000
0000000000000000
0000000000000000
0000000000000000
0000000000000000
0000000000000000
0000000000000000
0000000000000000
0000000000000000
0000000000001100
0100000000001100
1110000000001100
1111000000001100
1111110000001100
1111111000001100
1111111100000110
0111111110000110
0110001111000110
0110000111101110
0110000011111110
0110000001111110
0110000000111110
0110000000001111
0011000000000111
0011000000000010
0011000000000000
0000000000000000
0000000000000000
0000000000000000
