000000000000000000
000000000000000000
000000000000000000
000000000000000000
000000000000000000
000000000000000000
000000000000000000
000000000000000000
000011000000000000
000011100000000000
000011100000000000
000111110000000000
000111111000000011
000111111000000110
000111111100000110
001100111100001110
001100011100001110
011100011110001100
011000001111001100
011000001111001100
011000000111111000
011000000111111000
111000000011111000
000000000011111000
000000000001110000
000000000001110000
000000000000100000
000000000000000000
000000000000000000
000000000000000000
