0000000000000000
0000000000000000
0000000000000000
0000000000000000
0000000000000000
0000000000000000
0000000000000000
0000000000000000
0000000000000000
0000000000000000
0000000000000000
0001000000000000
0011100000000000
0011110000000011
0011110000000011
0011111000000011
0011111100000011
0011111100000111
0111011110000111
0110001111000110
0110000111100110
0110000111101110
0110000011111110
0110000001111110
1110000001111110
1100000000111100
1100000000111100
0000000000011100
0000000000011000
0000000000000000
