0000000000000000
0000000000000000
0000000000000000
0000000000000000
0000000000000000
0000000000000000
0000000000000000
0000000000000000
0000000000000000
0000000000000000
0000000000001100
0000000000001100
1100000000001100
1110000000001100
1111100000001110
1111110000001110
0111111000000110
0111111110000110
0110011111000110
0110001111110110
0111000011111111
0011000001111111
0011000000111111
0011000000001111
0011000000000111
0011000000000011
0001100000000000
0001100000000000
0000000000000000
0000000000000000
