0000000000000000
0000000000000000
0000000000000000
0000000000000000
0000000000000000
0000000000000000
0000000000000000
0000000000000000
0000000000000000
0000000000000000
0000000000001100
0000000000011100
0100000000001100
1110000000001100
1111000000001100
1111100000001100
1111111000001100
1111111100001110
0111111110000110
0111001111000110
0110000111111110
0110000011111110
0110000001111110
0110000000111110
0110000000011111
0011000000000111
0011000000000010
0011000000000000
0000000000000000
0000000000000000
