00000000000000000
00000000000000000
00000000000000000
00000000000000000
00000000000000000
00000000000000000
00000000000000000
00000000000000000
00000000000000000
01000000000011000
11110000000011100
01111000000011100
01111100000001100
01111110000011100
01111111000011100
01110111100011100
01100011110001100
01100001111001100
01100000111111100
01100000011111100
01100000001111110
01110000000111111
00110000000011110
00110000000001100
00110000000000000
00000000000000000
00000000000000000
00000000000000000
00000000000000000
00000000000000000
