0000000000000000
0000000000000000
0000000000000000
0000000000000000
0000000000000000
0000000000000000
0000000000000000
0000000000000000
0000000000000000
0000000000000000
0000000000000000
0000000000000000
0001100000000000
0011110000000000
0011110000000000
0011111000000011
0011111000000011
0011111100000011
0011111100000011
0111111110000011
0110001111000111
0110001111000110
0110000111100110
0110000011111110
0110000001111110
1100000001111110
1100000000111100
1100000000011100
0000000000011100
0000000000001100
