00000000000000000
00000000000000000
00000000000000000
00000000000000000
00000000000000000
00000000000000000
00000000000000000
00000000000000000
00000000000000000
00000011111000000
00001111111110000
00011111001111100
00111100000111110
01111000000001110
01110000000000111
11110000000000111
11100000000000111
11100000000000111
11100000000000111
11100000000000111
11100000000001111
11110000000001110
01111000000011110
00111100001111100
00111111111111000
00001111111110000
00000000000000000
00000000000000000
00000000000000000
00000000000000000
