00000000000000000
00000000000000000
00000000000000000
00000000000000000
00000000000000000
00000000000000000
00000000000000000
00000000000000000
00000000000000000
00000000000000000
00000000000000000
00000000000000000
00000001100000000
00001111111110000
00011111111111000
00111100000011100
01111000000001110
01110000000000111
01110000000000111
11100000000000111
11100000000000111
11100000000000111
11100000000000111
11100000000000111
01110000000001110
01110000000001110
00111000000011100
00011111111111000
00001111111110000
00000001111100000
