00000000000000000
00000000000000000
00000000000000000
00000000000000000
00000000000000000
00000000000000000
00000000000000000
00000000000000000
00000000000000000
00000110000000000
00001111111110000
00011111111111100
00111110000111110
01111000000011110
01110000000001111
01110000000000111
11110000000000111
11100000000000111
11100000000000111
01110000000000111
01110000000000111
01110000000001111
01111000000001111
00111110000111110
00011111111111100
00000111111111000
00000000000000000
00000000000000000
00000000000000000
00000000000000000
