00000000000000000
00000000000000000
00000000000000000
00000000000000000
00000000000000000
00000000000000000
00000000000000000
00000000000000000
00000000000000000
00000000000000000
00000000000000000
00000111111100000
00011111111111000
00111111100111100
01111000000011110
01110000000001110
11100000000001111
11100000000000111
11100000000000111
11100000000000111
11100000000000111
11100000000000111
11110000000000111
01110000000001110
01111000000011110
00111111100111100
00011111111111000
00001111111110000
00000000000000000
00000000000000000
