00000000000000000
00000000000000000
00000000000000000
00000000000000000
00000000000000000
00000000000000000
00000000000000000
00000000000000000
00000000000000000
00000000000000000
00000000000000000
00000000000000000
00000111111000000
00011111111111000
00111100000111100
01111000000011110
01110000000001110
01110000000000111
11100000000000111
11100000000000111
11100000000000111
11100000000000111
11100000000000111
11100000000001110
01110000000001110
01111000000011100
00111100001111100
00001111111111000
00000011111100000
00000001111000000
