000000000000000000
000000000000000000
000000000000000000
000000000000000000
000000000000000000
000000000000000000
000000000000000000
000000000000000000
000000000000000000
000001111111100000
000111111111110000
001111000000111000
001110000000011110
011100000000011111
011100000000011111
111100000000011110
111000000000011110
111000000000001110
111000000000001110
111000000000001110
011100000000011110
011100000000011100
001110000000111100
000111100011111000
000011111111110000
000000011110000000
000000000000000000
000000000000000000
000000000000000000
000000000000000000
