00000000000000000
00000000000000000
00000000000000000
00000000000000000
00000000000000000
00000000000000000
00000000000000000
00000000000000000
00000000000000000
00000000000000000
00000001111000000
00001111111110000
00011110001111100
00111000000011110
01110000000001110
01100000000001111
11100000000000111
11100000000000111
11100000000000111
11100000000000111
11100000000000111
01110000000000111
01110000000000111
01111000000001110
00111100000011100
00011111111111000
00001111111100000
00000000000000000
00000000000000000
00000000000000000
