0000000000000000
0000000000000000
0000000000000000
0000000000000000
0000000000000000
0000000000000000
0000000000000000
0000000000000000
0000000000000000
0000000000000000
0000000000000000
0000000000000000
0000000000000000
0001111111110000
0011111111111100
0111100000011110
1111000000001111
1110000000000111
1110000000000111
1110000000000111
1110000000000111
1110000000000111
1110000000000111
1110000000000111
1110000000000111
1111000000001110
0111100000011110
0011111001111100
0001111111111000
0000011111000000
