0000000000000000000
0000000000000000000
0000000000000000000
0000000000000000000
0000000000000000000
0000000000000000000
0000011111110000000
0001111111111100000
0011110000011110000
0111100000001111000
0111000000000111000
1110000000000111000
1110000000000011100
1110000000000011100
1110000000000011100
1110000000000011100
1110000000000011100
1111000000000011100
0111000000000111100
0111100000001111000
0011110000011110000
0001111111111110000
0000011111111111110
0000000000001111111
0000000000000000110
0000000000000000000
0000000000000000000
0000000000000000000
0000000000000000000
0000000000000000000
