000000000000000000
000000000000000000
000000000000000000
000000000000000000
000000000000000000
000000000000000000
000000000000000000
000000000000000000
000000000000000000
000000011110000000
000011111111100000
000111110011111000
001111000000111100
011110000000011100
011100000000001110
011100000000001110
111000000000001110
111000000000001110
111000000000001110
111000000000001110
011100000000001110
011100000000011110
011110000000011100
001111000000111100
000111111111111000
000001111111110000
000000000011111000
000000000000111110
000000000000001111
000000000000000110
