0000000000000000000
0000000000000000000
0000000000000000000
0000000000000000000
0000001111110000000
0000111111111100000
0011110000111110000
0111100000001110000
0111000000000111000
1110000000000111000
1110000000000011100
1110000000000011100
1110000000000011100
1110000000000011100
1110000000000011100
1111000000000011100
0111000000000111000
0111100000001111000
0011110000011111000
0001111111111111000
0000011111111111111
0000000000000001111
0000000000000000000
0000000000000000000
0000000000000000000
0000000000000000000
0000000000000000000
0000000000000000000
0000000000000000000
0000000000000000000
