000000000011000000000
000000000000000000000
000000000000000000000
000000000000000000000
000000000000000000000
000000000000000000000
000000000000000000000
000000000000000000000
000000000000000000000
000000000000000000000
000001111111100000000
000111111111110000000
001111000001111000000
011110000000111100000
011100000000011100000
111000000000001110000
111000000000001110000
111000000000001110000
111000000000001110000
111000000000001110000
011100000000001110000
011100000000001110000
011110000000011100000
001111100000111100000
000111111111111110000
000011111111111111111
000000111110000111111
000000000000000000000
000000000000000000000
000000000000000000000
