00000000000000000000
00000000000000000000
00000000000000000000
00000000000000000000
00000000111000000000
00001111111110000000
00011111101111100000
00111000000011110000
01110000000001110000
01110000000001111000
11100000000000111000
11100000000000111000
11100000000000111000
11100000000000111000
11110000000000111000
01110000000000111000
01110000000000111000
01111000000001110000
00111100000011100000
00011111111111110000
00001111111111111111
00000000000001111111
00000000000000000000
00000000000000000000
00000000000000000000
00000000000000000000
00000000000000000000
00000000000000000000
00000000000000000000
00000000000000000000
