00000000000000000000
00000000000000000000
00000000000000000000
00000000000000000000
00000000000000000000
00000000000000000000
00000000000000000000
00000011111100000000
00011111111111000000
00111100011111100000
01111000000011110000
01110000000001110000
11100000000001110000
11100000000001111000
11100000000000111000
11100000000000111000
11100000000000111000
11100000000000111000
11110000000000111000
01110000000001110000
01111000000011110000
00111111101111110000
00011111111111111100
00001111111111111111
00000000000000111110
00000000000000000000
00000000000000000000
00000000000000000000
00000000000000000000
00000000000000000000
