0000000000000000000
0000000000000000000
0000000000000000000
0000000000000000000
0000000000000000000
0000000000000000000
0000000000000000000
0000000000000000000
0000000000000000000
0000000000000000000
0000011111111100000
0011111111111110000
0111110000001111000
0111100000000111000
0111000000000011100
0111000000000011100
1111000000000011100
1110000000000011100
1111000000000011100
0111000000000011100
0111100000000011100
0111100000000011100
0011100000000111000
0011111000011111000
0001111111111111100
0000111111111111110
0000000111001111111
0000000000000000111
0000000000000000000
0000000000000000000
