00000000000000000
00000000000000000
00000000000000000
00000000000000000
00000000000000000
00000000000000000
00000000000000000
00000000000000000
00000000000000000
00000000000000000
00000000000000000
00000000000000000
00001111111100000
00111111111111000
01111000000111100
01110000000011100
11100000000001110
11100000000001110
11100000000001110
11100000000000111
11100000000000111
11100000000001110
11100000000001110
11100000000001110
11110000000011110
01111000000111100
00111110011111000
00011111111110000
00000011111110000
00000000011111000
