000000000000000000
000000000000000000
000000000000000000
000000000000000000
000000000000000000
000000000000000000
000000000000000000
000000000000000000
000000000000000000
000000000000000000
000000000000000000
000011111111000000
000111111111110000
001111000001111000
011110000000111100
011100000000011110
111000000000011110
111000000000001110
111000000000001110
111000000000001110
111000000000001110
111000000000011110
111000000000011100
011100000000011100
011110000000111100
001111000001111000
000111111111110000
000001111111110000
000000000001111110
000000000000111111
