00000000000000000
00000000000000000
00000000000000000
00000000000000000
00000000000000000
00000000000000000
00000000000000000
00000000000000000
00000000000000000
00000000000000000
00000000000000000
00000000000000000
00000011110000000
00001111111110000
00011110001111100
00111000000011110
01110000000001110
01110000000000111
11100000000000111
11100000000000111
11100000000000111
11100000000000111
11100000000000111
11100000000001111
01110000000001110
01110000000011110
00111000000111100
00011111111111000
00000111111110000
00000000111110000
