000000000000000000000
000000000000000000000
000000000000000000000
000000000000000000000
000000000000000000000
000000000000000000000
000000011100000000000
000001111111100000000
001111111111110000000
001111110001111000000
011100000000111100000
011000000000011110000
111000000000011110000
111000000000011110000
111000000000001110000
111000000000001110000
111000000000001110000
111100000000001110000
011100000000001110000
011110000000111100000
001111000001111100000
000111111111111111110
000011111111111111111
000000111100000001110
000000000000000000000
000000000000000000000
000000000000000000000
000000000000000000000
000000000000000000000
000000000000000000000
