000000000000000000
000000000000000000
000000000000000000
000000000000000000
000000000000000000
000000000000000000
000000000000000000
000011111111000000
000111111111110000
001110000001111000
011100000000111100
111000000000011100
111000000000011100
111000000000001110
111000000000001110
111000000000001110
111000000000001110
111000000000011110
111000000000011100
011100000000111100
011110000000111000
001111100011110000
000111111111110000
000000111111111000
000000000001111111
000000000000001111
000000000000000000
000000000000000000
000000000000000000
000000000000000000
