00000000000000000000
00000000000000000000
00000000000000000000
00000000000000000000
00000000000000000000
00000000000000000000
00000000000000000000
00000001111100000000
00001111111110000000
00011111011111100000
00111100000011110000
01110000000001110000
01110000000001111000
11100000000001111000
11100000000000111000
11100000000001111000
11100000000000111000
11100000000000111000
01110000000000111000
01111000000000111000
01111000000001110000
00111110000011110000
00011111111111111100
00001111111111111111
00000000000011111111
00000000000000000000
00000000000000000000
00000000000000000000
00000000000000000000
00000000000000000000
