0000000000000000
0000000000000000
0000000000000000
0000000000000000
0000000000000000
0000000000000000
0000000000000000
0000000000000000
0000000000000000
0000011111000000
0011111111100000
0111111111100000
1111000011110000
1111000001110000
0111000001110000
0111000001110000
0111100011100000
0011111111100000
0011111111100000
0011111111111000
0001110001111100
0001110000111110
0001110000011111
0000111000001111
0000111000000000
0000111000000000
0000011000000000
0000000000000000
0000000000000000
0000000000000000
