0000000000000000
0000000000000000
0000000000000000
0000000000000000
0000000000000000
0000000000000000
0000000000000000
0000000000000000
0000000000000000
0000110000000000
0001110000000000
0001110000000000
0001110000000000
0011100000000011
0011100000000011
0011100000000110
0111100000000110
0111000000000110
0111000000001100
0111000000001100
1110000000001100
1110000000011000
0111000000011000
0111100000011000
0011110000110000
0001111111100000
0000011111000000
0000000000000000
0000000000000000
0000000000000000
