00000000000000000
00000000000000000
00000000000000000
00000000000000000
00000000000000000
00000000000000000
00000000000000000
00000000000000000
00000000000000000
00000000000000000
01000000000000000
11100000000000000
11100001110000000
11100001111000000
01110011111000010
01110011111001111
01111111111001110
01111111111111100
01111111111111100
01111111111111000
01111100111111000
01111000111111000
00111000111110000
00000000111110000
00000000011000000
00000000000000000
00000000000000000
00000000000000000
00000000000000000
00000000000000000
