0000000000000000
0000000000000000
0000000000000000
0000000000000000
0000000000000000
0000000000000000
0000000000000000
0000000000000000
0000000000000000
0000000000000000
0000000000000011
0000000011100011
0000000111100011
0110000111110011
1111000111110011
0111000111111111
0011100111111111
0011111110011111
0001111110011111
0001111110011111
0000111110001110
0000011110000000
0000011100000000
0000000000000000
0000000000000000
0000000000000000
0000000000000000
0000000000000000
0000000000000000
0000000000000000
