0000000000000000
0000000000000000
0000000000000000
0000000000000000
0000000000000000
0000000000000000
0000000000000000
0000000000000000
0000000000000000
0000000000000000
0000000000000000
0000000000000000
0000000000000000
0000000000000000
0000000000000000
0000000010000000
1100000111000011
1110001111100011
1110001111100011
0111001111100110
0111001111100110
0111001111111110
0111111001111110
0011111001111100
0011111000111100
0001111000111100
0001111000111000
0001110000000000
0000000000000000
0000000000000010
