0000000000000000
0000000000000000
0000000000000000
0000000000000000
0000000000000000
0000000000000000
0000000000000000
0000000000000000
0000000000000000
0000000000000000
0000000000000000
0000000000000000
0000000000000000
0110000000000000
0110000010000000
0110000111000000
1110001111100000
1110001111100001
1110011111000011
1110011111000110
1111111111001110
1111111111001100
1111100111111000
1111000111111000
0110000111110000
0000000111100000
0000000011000000
0000000000000000
0000000000000000
0000000000000000
