0000000000000000
0000000000000000
0000000000000000
0000000000000000
0000000000000000
0000000000000000
0000000000000000
0000000000000000
0000000000000000
0000000000000000
0000000000000000
0000000000000000
0000000000000000
0100000000000000
0110000000000000
1110000111000001
1110001111100011
1110001111100011
0111001111100110
0111001111100110
0111111111100110
0111111001111100
0011111001111100
0011110001111100
0011110001111000
0001100001111000
0000000000110000
0000000000000000
0000000000000000
0000000000000000
