00000000000000000000
00000000000000000000
00000000000000000000
00000000000000000000
00000000000000000000
00000000000000000000
00000000000000000000
00000000000000000000
00000000000000000000
00000000000000000010
00000000001000000111
11000000111100000110
11100000111100000110
11100000111110000110
11110000111110000110
01110000111111001110
01110000111111001110
00111001111111111110
00111001110111111110
00111111100011111100
00111111100011111100
00011111100011111100
00001111100011111100
00001111100001111100
00001111100001111100
00000111100000011000
00000011000000000000
00000000000000000000
00000000000000000000
00000000000000000000
