00000000000000000000
00000000000000000000
00000000000000000000
00000000000000000000
00000000000000000000
00000000000000000110
00000000010000000110
00000000111000000110
00000000111100000110
11000000111110000110
11100000111110000110
11110000111111000110
01110000111111100110
01111000011111100110
00111100011111111110
00011100011001111110
00011110011001111110
00001110011000111111
00001111111000011111
00000111111000011111
00000011111000001110
00000011111000000000
00000001111000000000
00000000110000000000
00000000000000000000
00000000000000000000
00000000000000000000
00000000000000000000
00000000000000000000
00000000000000000000
