00000000000000000000
00000000000000000000
00000000000000000000
00000000000000000000
00000000000000000000
00000000000000000000
00000000000000000000
00000000000000000000
00000000000000000000
00000000000000000000
01000000000000000000
11100000001000000000
11100000011100000000
11100000111100000011
11100000111100000110
11110000111100000110
01110001111110000110
01110001111110001100
01110011111110001100
01110011111110011100
01111111001110011000
00111111001111111000
00111110000111111000
00111110000111110000
00111110000111110000
00111100001111100000
00111100000111100000
00001000000111000000
00000000000000000000
00000000000000000000
