00000000000000000
00000000000000000
00000000000000000
00000000000000000
00000000000000000
00000000000000000
00000000000000000
00000000000000000
00000000000000000
00000000000000000
00000000000000000
00000000000000000
00000000000000000
00000000000000000
00000000000000000
01000000000000000
11100001110000000
11100001111000111
01110011111000111
01111111111000110
01111111111001110
01111111111001110
01111111111111100
00111110011111100
00111110011111000
00111110011110000
00011100011110000
00000000001110000
00000000000000000
00000000000000000
