00000000000000000000
00000000000000000000
00000000000000000000
00000000000000000000
00000000000000000000
00000000000000000000
00000000000000000000
00000000000000000000
00000000000000000000
00000000000000000000
00000000000000000000
01000000000000000000
11100000000000000000
11100000000000000000
11100000011100000000
11100000011100000000
11100000111100000010
11100001111100000111
11100001111100000110
11110011111100001110
11110011111100001100
11111111111100011100
11111110011100011000
11111100011100110000
11111100011111110000
11111000011111100000
11111000011111100000
01110000011111000000
00000000011110000000
00000000011110000000
