00000000000000000000
00000000000000000000
00000000000000000000
00000000000000000000
00000000000000000000
00000000000000000000
00000000000000000000
00000000000000000000
00000000000000000000
00000000000000000000
00000000000000000000
00000000001000000000
01000000011100000000
11100000011100000000
11100000011100000011
11110000111100000011
01110000111110000111
01110000111110001110
01110000111110001110
01111001111111001110
00111001111111001100
00111001111111111100
00111111100111111100
00111111000111111000
00011111000111111000
00011111000011111000
00011110000011111000
00011110000011110000
00001110000011110000
00000000000001100000
