0000000000000000000
0000000000000000000
0000000000000000000
0000000000000000000
0000000000000000000
0000000000000000000
0000000000000000000
0000000000000000000
0000000000000000000
0000000000000000000
0000000000000000000
0000000000000000000
0100000000000000000
1110000000000000000
1110000001100000000
1110000011110000000
1110000011110000011
1110000111110000011
1110000111110000111
1110001111110000110
1110001111110001110
1110011001110001100
1111111001110011100
1111110001110011000
1111110001111111000
1111100001111110000
1111100001111110000
1111000001111100000
0110000001111100000
0000000001111000000
