00000000000000000000
00000000000000000000
00000000000000000000
00000000000000000000
00000000000000000000
00000000000000000000
00000000000000000000
00000000000000000000
00000000000000000011
00000000001000000011
00000000011100000111
11000000011110000111
11100000011110000111
11110000011111000110
01110000011111000110
01111000011111100110
00111000011111100110
00111100111111111110
00011100111001111110
00001111111001111110
00001111111000111110
00000111110000111110
00000111110000011110
00000011110000011110
00000011110000001100
00000001110000000000
00000000100000000000
00000000000000000000
00000000000000000000
00000000000000000000
