0000000000000000
0000000000000000
0000000000000000
0000000000000000
0000000000000000
0000000000000000
0000000000000000
0000000000000000
0000000000000000
0000000000000000
0000000000000000
0000000000000000
0000000000000000
0000000000000000
0000000000000001
0000000011000011
1100000111100011
1111001111100011
1111001111100011
1111001111110110
0111111111111110
0011111111111110
0011111111111110
0011111100111110
0001111100111110
0000111100001100
0000011100000000
0000000000000000
0000000000000000
0000000000000000
