00000000000000000000
00000000000000000000
00000000000000000000
00000000000000000000
00000000000000000000
00000000000000000000
00000000000000000000
00000000000000000000
00000000000000000000
01000000000000000000
11100000000000000000
01110000001100000000
01110000011110000000
01110000011110000011
01110000111110000011
01110000111110000111
01110001111110000110
01110001111110001110
01111001111110001100
00111111001110001100
00111111001111011000
00111111000111111000
00111110000111111000
00111110000111110000
00111100000111110000
00111100000111100000
00011000000111100000
00000000000011000000
00000000000000000000
00000000000000000000
