00000000000000000
00000000000000000
00000000000000000
00000000000000000
00000000000000000
00000000000000000
00000000000000000
00000000000000000
00000000000000000
00000000000000000
00000000000000000
00000000000000000
00000000000000000
00000000000000000
01000000000000000
11100000000000000
11100000110000000
11100011111000010
01110011111000111
01110111111001110
01111111111001100
01111111111111100
11111111111111000
11111100111111000
11111100111110000
01111000111110000
00110000111100000
00000000111100000
00000000001000000
00000000000000000
