00000000000000000000
00000000000000000000
00000000000000000000
00000000000000000000
00000000000000000000
00000000000000000000
00000000000000000000
00000000001000000000
11000000011100000011
11100000111100000111
11100000111100000110
11100000111110000110
01110000111110000110
01110000111110000110
01110001111111001100
00111001111111001100
00111001100111001100
00111001100111111100
00011111100011111100
00011111100011111000
00011111000011111000
00001111000001111000
00001111000001111000
00001111000000110000
00000110000000000000
00000000000000000000
00000000000000000000
00000000000000000000
00000000000000000000
00000000000000000000
