00000000000000000000
00000000000000000000
00000000000000000000
00000000000000000000
00000000000000000000
00000000000000000000
00000000000000000000
00000000000000000000
00000000000000000000
00000000000000000000
00000000000000000011
00000000011100000011
11000000011100000111
11100000011110000110
11110000011110000110
01110000111111000110
01111000111111000110
00111000111111100110
00111000110011100110
00011100110011111110
00011100110001111110
00011111110001111110
00001111110001111110
00001111110000111100
00000111110000111100
00000111110000011100
00000011110000001000
00000001100000000000
00000000000000000000
00000000000000000000
