00000000000000000000
00000000000000000000
00000000000000000000
00000000000000000000
00000000000000000000
00000000000000000000
00000000000000000000
00000000000000000000
00000000000000000000
00000000000000000000
01000000000000000000
11100000000000000000
11100000011000000000
11100000111100000000
11100000111100000010
11100001111100000111
11100001111100000110
11100011111100001110
11100011111100001100
11100111111100011100
11100110011100011000
11111110011100110000
11111100011111110000
11111100011111100000
11111000011111100000
11110000011111000000
01110000011111000000
00000000011110000000
00000000001110000000
00000000001100000000
