00000000000000000000
00000000000000000000
00000000000000000000
00000000000000000000
00000000000000000000
00000000000000000000
00000000000000000000
00000000000000000000
00000000000000000000
00000000000000000000
00000000001000000000
01000000011000000010
11100000011100000011
11110000011110000011
01110000011110000111
01110000111110000110
01110000111111000110
00111000111111000110
00111001111111000110
00111001111111001100
00111111110111111100
00011111110011111100
00011111110011111100
00011111100011111000
00001111100001111000
00001111000001111000
00001111000001111000
00000110000000110000
00000000000000000000
00000000000000000000
