00000000000000000000
00000000000000000000
00000000000000000000
00000000000000000000
00000000000000000000
00000000000000000000
00000000000000000000
01000000000000000000
11100000000000000000
11100000011000000000
11100000111100000010
11100000111100000111
11100001111100000110
11100001111100000110
11100001111100001100
11110011111100001100
01110011111100011100
01111111011110011100
01111110001111111000
01111110001111110000
01111100001111110000
01111100001111100000
01111100001111100000
01111100001111100000
00111000001111100000
00000000000110000000
00000000000000000000
00000000000000000000
00000000000000000000
00000000000000000000
