00000000000000000000
00000000000000000000
00000000000000000000
00000000000000000000
00000000000000000000
00000000000000000000
00000000000000000000
00000000000000000000
11000000000000000000
11100000000000000000
11100000111000000000
11100000111000000011
11100001111100000111
11100011111100000110
11100011111100001110
11100011111100001100
11100111111100011100
11100110011100011000
11111110011100111000
11111100011100110000
11111100011111110000
11111100011111100000
11111000011111100000
11110000011111000000
01100000011110000000
00000000011110000000
00000000001100000000
00000000000000000000
00000000000000000000
00000000000000000000
