0000000000000000
0000000000000000
0000000000000000
0000000000000000
0000000000000000
0000000000000000
0000000000000000
0000000000000000
0000000000000000
0000000000000000
0000000000000000
0000000000000000
0000000000000000
0000000000000000
0000000000000000
0000000000000000
0000000000000000
0000000011000011
0110000111100011
1111000111100011
0111001111100011
0111001111110111
0111111111111110
0011111111111110
0011111100111110
0001111100111110
0001111100111110
0000111100011110
0000011000000000
0000000000000000
