0000000000000000
0000000000000000
0000000000000000
0000000000000000
0000000000000000
0000000000000000
0000000000000000
0000000000000000
0000000000000000
0000000000000000
0000000000000000
0000000000000000
0000000000000000
0000000000000000
0000000000000000
0000000000000000
0000000000000000
1110000011100011
1110000111100011
1110001111100011
0111001111100111
0111001111100110
0111001111111110
0011111111111110
0011111001111110
0011111001111100
0011111000111100
0011111000111100
0000110000011100
0000000000000000
