0000000000000000
0000000000000000
0000000000000000
0000000000000000
0000000000000000
0000000000110000
0000011111111000
0001111111111000
1111111011111000
0111010001110000
0000000001110000
0000000011100000
0000000011100000
0000000011100000
0000000111000000
0000000111000000
0000000111000000
0000001110000000
0000001110000000
0000011100000011
0000011100001111
0000011111111110
0000011111110000
0000011111000000
0000000000000000
0000000000000000
0000000000000000
0000000000000000
0000000000000000
0000000000000000
