0000000000000000
0000000000000000
0000000000000000
0000000000000000
0000000000000000
0000000000000000
0000000000000000
0000000000000000
0000000000000000
0000000000000000
0000000000000000
0000111100000000
0000111111111000
0000000011111110
0000000001111111
0000000000011110
0000000001111100
0000000001111000
0000000011111000
0000000111100000
0000001111000000
0000111110000000
0001111100000000
0011111000000000
0111100000000000
1111100000000000
1111110000000000
0111111111110000
0000001111111000
0000000000111000
