0000000000000000
0000000000000000
0000000000000000
0000000000000000
0000000000000000
0000000000000000
0000000000000000
0000000000000000
0000111100000000
0000111111110000
0000000111111111
0000000000011111
0000000000011111
0000000000111110
0000000001111000
0000000011110000
0000000111100000
0000001111000000
0000011110000000
0000111100000000
0011111000000000
0111110000000000
1111100000000000
1111110000000000
0111111111100000
0000001111110000
0000000001110000
0000000000000000
0000000000000000
0000000000000000
